5 5
289 26 35 649 1
1 316 366 254 63
392 1 570 34 3
21 1 1 45 932
297 656 28 18 1

229 266 77 336 198 
403 223 48 83 243 
169 409 411 302 25 
460 91 108 183 325 
148 219 284 410 150 

427 317 498 202 29 
231 465 411 204 3 
278 5 139 458 371 
163 119 227 471 101 
52 156 112 130 97 

449 48 439 351 377 
178 354 258 177 90 
412 418 82 231 383 
3 315 17 100 204 
262 146 17 363 179 

392 392 417 105 127 
450 96 383 54 45 
63 248 367 472 30 
19 215 297 477 131 
227 83 80 354 256 

127 273 484 249 450 
74 294 156 422 62 
6 222 450 180 232 
57 279 240 183 28 
261 280 467 42 130 
