5 5
1 276 1 31 691
362 24 67 256 291
1 287 688 9 15
27 25 243 703 2
609 388 1 1 1

591 749 660 604 752 
660 730 674 864 861 
702 820 752 542 573 
727 521 747 551 541 
689 577 662 503 765 

795 694 603 771 817 
901 840 872 532 550 
635 649 990 915 636 
619 751 829 770 772 
867 632 824 805 659 

533 962 948 773 949 
638 861 516 639 801 
580 521 980 787 586 
827 527 991 849 999 
694 579 810 863 882 

644 568 982 831 548 
653 913 842 627 744 
861 602 519 703 991 
857 829 844 993 860 
626 928 810 585 975 

759 833 655 685 737 
796 817 853 739 893 
627 895 569 836 907 
796 911 636 969 685 
948 799 801 959 611 
