5 5
397 19 304 279 1
1 5 1 20 973
4 267 693 19 17
1 309 1 681 8
597 400 1 1 1

332 455 221 15 113 
414 314 350 240 115 
177 434 61 96 241 
97 473 88 254 341 
311 331 320 325 407 

395 347 128 339 165 
331 342 64 8 436 
326 84 236 132 298 
155 389 32 85 148 
474 134 307 367 477 

381 296 287 369 254 
106 298 270 381 125 
454 177 187 380 86 
76 250 334 57 133 
375 324 314 52 59 

450 415 72 162 309 
182 256 299 422 302 
442 11 291 384 144 
110 217 185 147 10 
147 154 383 486 298 

143 315 463 274 80 
100 8 131 350 352 
307 56 442 421 306 
248 267 304 325 39 
398 186 47 204 165 
