5 5
323 6 238 1 432
657 322 1 10 10
10 362 616 11 1
1 1 131 311 556
9 309 14 667 1

952 780 525 626 952 
774 629 792 580 985 
727 998 634 523 599 
989 641 852 976 949 
927 743 778 613 932 

767 528 889 767 672 
591 763 874 562 905 
970 771 936 541 617 
993 746 809 813 682 
842 764 641 878 728 

866 950 711 509 912 
827 568 993 714 833 
507 796 607 703 844 
821 705 877 859 869 
918 733 804 826 715 

886 787 693 933 998 
595 565 861 773 760 
649 700 582 894 636 
876 521 828 815 756 
998 735 971 703 915 

743 990 573 848 931 
755 932 542 622 831 
501 943 539 735 629 
850 979 943 668 832 
810 947 668 947 836 
