5 5
326 69 338 20 247
651 2 38 303 6
1 26 622 309 42
1 294 1 1 703
21 609 1 367 2

735 783 676 603 786 
737 573 702 788 865 
555 662 747 554 509 
743 952 670 733 579 
602 972 977 891 595 

887 617 750 924 522 
873 758 861 691 525 
715 695 718 951 693 
577 975 772 732 536 
915 615 792 542 525 

770 646 732 736 827 
816 562 575 787 516 
789 964 807 905 924 
719 577 668 883 549 
782 700 561 750 844 

576 517 703 597 906 
660 955 615 848 803 
898 801 749 691 575 
792 640 865 836 503 
501 539 897 972 942 

868 993 929 632 520 
777 809 952 737 917 
858 501 795 933 974 
663 600 908 885 577 
963 735 875 607 654 
