5 5
1 741 204 1 53
1 1 691 1 306
732 1 1 1 265
1 20 8 596 375
265 237 96 401 1

788 879 904 723 627 
581 687 982 961 781 
543 994 708 776 717 
805 624 626 878 750 
996 784 810 820 541 

510 770 807 833 630 
546 620 929 711 518 
925 606 854 832 574 
552 636 750 559 680 
706 822 957 583 572 

690 787 887 872 961 
679 778 915 540 706 
680 667 517 665 808 
677 513 895 950 557 
536 785 729 596 969 

753 789 518 965 905 
671 511 595 980 992 
694 660 689 579 913 
605 554 657 796 680 
890 979 757 634 958 

717 911 769 603 675 
602 535 864 539 957 
902 884 910 935 609 
631 808 731 752 867 
509 974 704 632 950 
