5 5
1 335 1 298 365
23 635 340 1 1
1 1 376 1 621
278 16 1 693 12
697 13 282 7 1

944 503 842 607 880 
967 928 627 569 893 
984 689 823 664 610 
810 924 767 990 662 
937 665 764 702 664 

508 850 739 799 864 
644 850 779 930 698 
670 984 709 549 644 
618 616 626 804 653 
694 575 938 611 727 

541 756 711 965 969 
666 963 672 953 873 
575 803 675 702 728 
870 584 590 840 595 
689 609 778 664 707 

920 833 980 653 715 
550 846 674 754 968 
923 856 794 967 616 
625 821 677 633 821 
525 707 573 777 636 

782 654 571 826 720 
953 832 695 973 750 
612 982 796 981 696 
766 855 503 963 948 
669 941 554 780 925 
