5 5
283 286 1 84 346
32 688 6 245 29
57 1 330 1 611
627 1 367 1 4
1 24 296 669 10

127 354 86 109 450 
19 492 247 356 389 
463 356 269 325 132 
293 23 349 483 356 
186 205 304 368 388 

226 253 303 240 256 
391 306 40 341 213 
363 314 83 159 85 
112 349 265 492 82 
250 195 126 46 296 

435 111 216 282 242 
476 249 427 323 334 
255 396 458 124 449 
380 73 25 5 91 
472 466 256 189 136 

76 166 385 68 88 
143 72 391 234 110 
12 181 43 93 370 
388 498 163 117 343 
297 259 216 13 421 

463 128 478 443 156 
256 15 466 421 178 
28 246 461 200 132 
428 260 25 490 235 
165 254 352 491 30 
