5 5
40 644 287 1 28
1 280 25 374 320
359 16 24 592 9
1 39 313 5 642
599 21 351 28 1

301 384 399 358 309 
367 53 72 130 107 
117 399 461 335 316 
457 153 198 339 195 
433 298 58 134 322 

83 137 498 53 359 
414 495 76 109 409 
90 493 318 436 177 
20 108 109 252 7 
255 273 374 122 389 

49 216 189 40 33 
105 455 389 206 286 
279 324 64 264 386 
432 20 103 423 69 
468 118 293 72 374 

430 115 219 348 256 
332 452 319 328 383 
187 105 340 277 35 
157 464 216 227 409 
187 35 44 205 74 

495 345 292 240 3 
176 79 317 457 179 
61 126 379 70 467 
277 476 358 299 120 
407 168 377 235 264 
