5 5
7 385 1 290 317
1 1 317 1 680
669 1 328 1 1
314 15 1 669 1
9 598 353 39 1

336 344 124 394 226 
464 227 461 181 335 
158 67 84 52 238 
226 91 479 8 91 
268 467 197 223 256 

414 347 290 29 324 
168 402 495 312 18 
185 59 118 313 332 
158 215 339 189 75 
212 435 363 431 231 

465 294 108 96 176 
26 25 243 90 60 
246 486 121 467 95 
56 121 390 300 433 
134 106 398 308 425 

8 105 44 171 148 
122 45 425 63 436 
476 201 3 155 275 
245 408 259 112 165 
31 218 189 359 361 

307 339 153 110 42 
206 301 289 271 354 
71 425 129 13 118 
92 263 407 255 45 
69 441 49 113 421 
