6 6
958 27 1 6 7 1
9 6 367 1 40 577
23 1 1 351 623 1
8 625 16 269 55 27
1 324 1 7 274 393
1 17 614 366 1 1

519 835 765 552 646 804 
824 505 555 836 779 748 
586 620 601 509 954 757 
777 924 514 671 963 762 
531 796 801 544 815 570 
637 600 675 747 541 866 

552 503 767 631 543 541 
711 669 771 602 742 794 
925 550 571 763 589 863 
948 659 882 508 953 911 
816 616 700 633 894 592 
587 799 709 553 936 977 

880 816 508 968 809 833 
534 521 926 983 773 937 
559 679 901 893 560 538 
951 592 752 559 660 548 
519 627 888 925 980 981 
743 549 589 602 550 818 

502 968 650 665 821 513 
989 856 950 563 782 646 
705 522 611 610 580 883 
894 854 899 507 590 850 
982 604 589 870 983 575 
821 868 713 655 710 992 

735 572 919 666 569 754 
944 723 652 815 948 931 
509 534 541 746 664 792 
656 938 892 684 754 700 
757 880 571 840 942 757 
762 637 638 573 747 958 

997 634 658 894 766 520 
702 749 835 598 685 779 
857 975 539 601 689 790 
864 547 669 530 575 870 
612 881 918 795 523 707 
644 953 853 790 606 807 
