6 6
334 1 1 1 12 651
1 334 326 1 27 311
20 26 615 2 322 15
294 636 52 2 13 3
317 1 1 658 4 19
34 2 5 336 622 1

159 67 438 185 77 343 
142 415 138 467 238 384 
323 492 61 149 336 67 
171 108 441 481 97 43 
172 310 359 320 10 65 
382 344 455 3 47 263 

388 453 120 269 255 90 
176 27 194 347 100 158 
47 302 271 30 24 202 
379 386 324 41 7 490 
401 365 267 310 417 477 
214 57 210 356 312 477 

198 373 306 71 8 163 
214 134 437 248 168 396 
402 396 379 212 249 372 
23 301 150 272 405 468 
15 107 98 242 61 479 
265 273 9 407 389 408 

335 474 95 497 88 214 
270 30 320 418 375 262 
17 166 30 1 311 86 
454 124 449 338 50 400 
170 163 311 64 2 299 
467 410 396 345 147 152 

211 310 394 288 424 378 
42 372 166 394 209 270 
226 377 481 489 225 74 
398 248 94 227 162 400 
347 167 81 189 401 353 
277 270 443 310 191 167 

429 322 398 249 324 273 
217 42 34 115 307 350 
194 96 256 382 116 141 
204 28 318 168 277 43 
134 322 109 211 95 242 
17 94 426 424 24 361 
