6 6
1 3 1 665 13 317
1 7 348 1 642 1
337 624 2 23 1 13
323 1 25 1 1 649
337 37 597 5 5 19
1 328 27 305 338 1

970 994 754 656 883 532 
970 774 662 815 747 677 
983 801 638 527 521 976 
589 723 909 593 543 661 
667 568 854 857 908 642 
996 985 893 687 943 695 

711 828 612 972 652 750 
831 533 571 853 980 577 
971 573 576 674 848 921 
548 527 991 827 769 917 
707 845 734 506 934 765 
738 877 797 813 916 767 

807 821 967 968 547 765 
837 757 833 630 900 805 
993 861 532 570 760 745 
865 680 539 742 638 674 
767 542 815 852 867 715 
632 623 771 993 747 588 

739 897 508 715 748 891 
799 559 991 809 558 521 
730 971 798 918 540 611 
878 633 522 728 664 745 
725 791 789 510 503 813 
510 716 572 710 962 762 

600 983 569 622 907 723 
922 854 566 662 832 693 
892 833 667 833 918 766 
947 586 898 775 858 676 
729 862 629 596 581 608 
755 533 916 873 805 905 

732 809 826 768 991 543 
888 619 784 944 943 621 
751 600 701 823 632 644 
902 967 887 681 644 941 
914 645 927 710 796 704 
813 991 551 717 542 839 
