6 6
1 804 156 37 1 1
644 11 15 8 6 316
1 173 184 493 148 1
1 3 643 10 1 342
1 8 1 1 650 339
352 1 1 451 194 1

36 298 218 350 391 344 
226 137 377 343 207 224 
401 213 51 84 325 220 
458 434 377 357 135 476 
341 283 295 344 488 37 
495 11 256 428 254 215 

155 76 264 384 204 398 
238 472 434 472 118 470 
144 408 341 49 258 436 
394 301 124 404 301 279 
254 406 396 385 247 125 
177 131 152 287 203 214 

459 116 288 383 339 232 
373 363 364 211 386 142 
38 145 324 433 275 285 
121 499 121 153 499 293 
472 325 481 474 288 402 
400 114 394 148 310 444 

13 37 470 237 65 221 
394 254 140 59 7 462 
66 167 69 32 247 12 
450 385 265 251 13 45 
331 150 493 259 298 83 
112 275 398 125 61 235 

158 335 286 337 215 423 
168 77 116 59 286 386 
24 408 22 68 272 69 
137 282 346 201 162 113 
200 381 56 371 54 363 
230 393 360 495 211 293 

150 494 374 413 132 33 
348 111 365 64 220 137 
191 287 67 303 178 106 
22 100 377 217 141 431 
374 89 419 212 16 255 
21 215 289 370 18 116 
