6 6
1 1 1 286 669 42
1 13 633 351 1 1
4 9 1 8 41 937
626 18 1 353 1 1
1 505 189 1 286 18
367 454 175 1 2 1

769 858 916 868 906 694 
928 524 599 757 535 930 
514 737 520 881 650 999 
929 508 596 776 559 787 
685 931 803 785 529 722 
519 687 844 575 982 515 

542 858 854 725 627 842 
773 932 988 845 902 502 
569 720 793 879 926 769 
707 889 592 672 695 876 
775 678 797 760 751 987 
547 724 813 926 863 512 

583 526 668 645 546 520 
987 915 555 706 920 923 
769 639 710 724 558 733 
714 719 512 935 649 737 
857 540 766 611 954 866 
777 527 502 952 983 663 

914 774 749 812 847 987 
537 601 566 673 751 919 
645 888 858 807 610 549 
793 563 804 920 706 880 
630 832 657 926 511 710 
562 789 605 884 889 830 

992 624 866 784 811 702 
853 713 630 944 803 640 
696 905 674 805 758 548 
740 612 865 545 671 762 
530 630 642 560 534 595 
587 674 912 973 713 919 

588 540 713 853 695 792 
514 806 694 866 694 700 
515 549 985 646 975 908 
958 691 688 594 617 967 
852 982 563 797 936 717 
716 818 916 754 908 663 
