6 6
4 2 389 1 603 1
163 649 1 1 36 150
139 1 1 30 1 828
691 1 252 1 39 16
2 5 355 623 11 4
1 342 2 344 310 1

393 95 114 192 379 210 
160 413 379 31 203 309 
49 391 418 315 302 327 
140 331 486 340 386 284 
107 216 35 15 278 161 
127 267 123 199 224 277 

220 29 437 425 223 184 
154 482 27 411 449 232 
157 361 169 232 83 116 
88 200 376 15 320 319 
416 373 200 228 246 291 
199 64 303 39 169 38 

204 116 72 48 54 22 
161 453 301 173 448 36 
353 49 85 474 279 36 
360 11 135 206 384 126 
449 478 36 222 195 100 
98 54 141 302 147 429 

139 242 299 476 388 304 
240 380 108 453 360 401 
104 374 116 66 333 469 
69 72 63 112 471 462 
86 426 314 210 234 376 
318 36 153 417 74 66 

413 87 361 361 467 58 
56 122 428 236 450 137 
15 138 319 331 257 285 
479 308 338 159 475 229 
183 399 76 151 32 426 
478 40 91 54 332 129 

383 498 125 18 70 40 
140 271 119 145 113 8 
20 357 345 253 226 313 
236 442 49 38 352 344 
129 209 249 366 93 347 
380 433 346 338 394 93 
