6 6
25 298 1 26 320 330
1 4 319 1 36 639
9 58 325 585 8 15
345 4 11 1 625 14
1 635 1 359 3 1
619 1 343 28 8 1

882 608 997 753 873 667 
762 501 820 893 911 884 
909 658 514 709 819 515 
658 647 834 555 548 514 
739 959 709 606 754 643 
819 926 902 869 843 548 

654 808 760 588 502 960 
898 667 848 622 956 772 
951 702 781 900 785 947 
667 717 704 977 937 506 
994 698 838 591 692 653 
906 746 824 821 703 933 

584 739 560 960 666 995 
930 858 797 799 520 588 
970 922 915 835 538 643 
653 567 888 715 643 797 
847 686 885 572 648 532 
874 743 634 905 937 762 

814 872 588 863 808 948 
741 780 957 698 591 816 
765 585 763 825 773 721 
847 777 608 940 597 589 
973 507 994 918 746 863 
633 719 521 588 957 585 

584 755 548 722 715 526 
501 866 991 956 549 800 
536 884 997 835 950 895 
720 699 698 722 554 743 
714 953 807 708 747 639 
835 589 770 647 539 853 

960 652 636 763 958 892 
739 878 588 936 751 533 
858 597 876 602 725 906 
511 927 696 981 716 932 
656 698 844 892 928 676 
876 923 734 995 957 985 
