6 6
19 301 1 24 10 645
1 30 320 433 199 17
12 318 9 1 659 1
17 329 642 1 1 10
301 12 27 204 130 326
650 10 1 337 1 1

196 358 453 56 436 282 
311 159 36 279 372 347 
61 34 162 44 107 17 
459 105 477 331 370 56 
385 437 197 148 471 238 
439 420 318 481 358 131 

123 396 384 402 17 335 
21 266 424 351 166 84 
4 146 168 41 92 314 
192 400 126 423 138 463 
359 394 70 303 354 359 
118 409 228 300 414 36 

281 210 126 163 174 347 
41 95 222 292 211 44 
35 173 218 72 230 252 
68 102 468 469 102 494 
309 278 390 200 360 13 
129 229 56 484 130 325 

294 104 198 410 266 152 
167 85 198 395 265 38 
54 253 269 217 64 42 
76 479 442 418 252 10 
488 324 86 434 168 239 
320 386 134 415 168 190 

200 235 202 75 19 8 
409 251 212 1 47 399 
61 228 464 229 215 210 
205 8 372 348 398 286 
227 155 73 246 345 484 
282 488 169 55 253 155 

354 190 303 345 498 260 
394 191 180 205 229 312 
75 317 148 433 482 115 
258 230 94 43 429 261 
118 177 161 83 304 342 
242 171 214 110 451 308 
