6 6
656 316 5 1 8 14
1 353 15 17 1 613
24 2 970 1 2 1
284 1 8 300 37 370
12 1 1 680 305 1
23 327 1 1 647 1

540 658 522 789 959 947 
946 981 917 586 880 650 
801 847 685 879 573 975 
877 879 733 928 576 751 
781 570 911 656 809 870 
708 605 606 876 535 831 

539 959 748 662 809 876 
627 939 750 855 830 556 
564 573 678 586 940 560 
780 882 535 911 957 667 
838 873 932 584 570 877 
972 967 673 970 759 623 

885 878 712 634 647 735 
699 816 669 689 796 509 
591 726 572 548 724 883 
663 700 967 561 609 720 
925 726 602 776 704 899 
597 761 821 778 729 688 

562 979 911 958 751 752 
837 895 773 768 954 898 
955 605 561 624 844 640 
943 853 562 793 627 562 
565 948 756 971 594 504 
884 957 721 845 834 633 

996 736 905 831 981 843 
691 985 741 621 954 866 
662 888 886 627 820 889 
928 840 791 720 525 671 
773 888 896 745 543 707 
936 867 515 870 562 539 

861 944 505 930 995 769 
523 892 592 730 625 734 
680 571 608 645 539 603 
876 702 811 813 559 615 
978 613 939 578 976 524 
920 604 514 573 663 895 
