6 6
13 297 338 22 323 7
1 654 27 2 1 315
1 1 632 23 28 315
4 1 1 812 181 1
612 23 1 2 1 361
369 24 1 139 466 1

446 272 156 331 307 174 
221 184 83 491 75 193 
136 351 373 74 426 457 
346 445 467 458 148 69 
440 257 221 299 477 353 
137 486 82 79 132 431 

121 162 168 64 342 439 
366 266 338 399 432 118 
207 126 403 155 401 157 
4 425 241 253 285 326 
83 142 120 290 35 126 
114 451 344 29 374 103 

390 340 348 272 218 360 
222 117 359 91 252 343 
340 71 187 7 224 486 
358 349 241 17 475 22 
72 276 36 418 168 47 
146 383 150 134 217 166 

127 208 10 244 321 18 
150 481 62 53 449 298 
475 265 332 276 336 466 
416 105 269 334 422 81 
339 37 142 446 218 46 
208 304 357 221 56 42 

166 8 20 257 252 51 
351 29 136 223 183 102 
219 374 65 248 199 236 
432 208 493 92 6 276 
108 413 307 381 15 391 
2 39 288 352 133 366 

239 293 156 438 154 18 
426 72 333 294 258 249 
139 125 44 70 82 395 
450 161 464 235 417 456 
290 50 234 249 288 297 
477 412 304 368 494 404 
