7 7
715 272 1 1 1 1 9
1 1 6 1 1 199 791
1 1 263 231 502 1 1
119 229 40 13 426 1 172
17 444 2 1 12 523 1
1 2 2 694 5 271 25
146 51 686 59 53 4 1

736 781 938 951 515 796 503 
827 871 841 695 908 841 855 
723 556 531 555 899 767 957 
985 755 722 936 845 767 839 
979 622 971 574 707 810 893 
943 654 865 774 702 501 615 
919 665 816 913 514 813 610 

879 517 767 919 794 875 975 
622 561 620 640 889 741 623 
946 755 523 502 736 781 626 
526 682 603 964 711 805 579 
531 876 535 919 690 982 884 
720 516 934 894 801 907 694 
709 759 612 813 712 995 551 

933 828 658 530 932 923 670 
721 521 642 833 915 996 956 
655 964 608 698 947 845 859 
866 856 585 626 666 674 849 
531 568 570 978 666 777 533 
602 926 863 738 614 508 574 
849 995 548 830 730 582 990 

773 800 641 937 680 851 586 
947 794 681 919 685 762 777 
976 754 734 521 745 618 638 
798 752 769 980 689 797 518 
726 517 700 542 839 778 917 
506 816 931 577 971 644 782 
744 737 639 989 569 733 795 

681 895 549 520 700 815 632 
590 959 559 813 597 734 585 
669 571 654 547 893 566 986 
812 951 780 903 571 682 655 
986 557 731 589 909 685 547 
933 533 728 724 636 804 779 
555 881 772 520 813 929 810 

757 689 994 532 555 674 564 
794 830 650 845 632 629 965 
669 985 968 546 885 774 856 
982 735 992 805 765 855 702 
561 726 775 829 670 897 581 
782 631 956 909 649 711 927 
566 839 552 519 642 768 666 

812 816 767 691 660 892 828 
610 972 872 775 626 990 843 
821 808 973 719 663 545 542 
661 612 785 778 574 782 650 
940 609 912 947 756 616 783 
803 533 671 706 961 768 654 
878 686 570 727 649 921 970 
