7 7
815 1 36 2 1 144 1
1 1 698 294 3 2 1
3 1 14 266 36 9 671
7 171 161 50 36 570 5
2 1 48 386 540 16 7
171 373 42 1 3 96 314
1 452 1 1 381 163 1

933 847 596 727 795 576 841 
622 507 590 591 753 519 791 
613 507 962 988 568 914 567 
828 925 824 627 682 819 764 
753 977 600 818 802 526 976 
858 810 580 678 530 519 604 
942 567 602 574 922 921 955 

515 537 744 865 884 847 727 
783 672 579 940 743 935 685 
911 574 875 863 762 766 664 
804 940 946 610 799 769 940 
995 760 756 751 913 743 808 
579 859 751 624 932 859 815 
850 881 885 726 920 711 527 

701 643 829 640 584 715 714 
575 978 965 962 695 525 884 
852 734 604 667 623 933 679 
759 519 643 769 848 767 629 
763 621 878 872 581 886 953 
757 877 585 672 761 641 694 
872 640 991 544 862 652 540 

796 981 751 752 758 878 678 
524 998 783 819 972 928 931 
787 961 879 533 764 891 858 
726 902 767 702 660 794 915 
743 841 917 998 690 733 971 
615 722 558 583 592 571 882 
905 839 672 566 818 557 736 

788 693 568 871 897 549 845 
514 782 576 545 668 515 657 
661 865 799 844 689 657 821 
957 843 945 700 712 914 602 
791 770 516 618 779 554 620 
512 741 686 557 883 888 723 
722 945 535 725 942 851 857 

922 802 510 949 896 752 720 
903 966 648 565 663 670 946 
857 548 655 898 767 687 911 
843 876 580 995 644 970 968 
601 849 963 576 837 917 529 
951 802 784 754 767 892 577 
695 824 701 567 851 790 800 

534 734 898 707 944 861 819 
737 770 694 892 830 693 584 
580 718 656 841 606 586 954 
510 626 889 662 841 722 614 
821 712 908 533 675 925 659 
861 769 658 810 991 625 782 
690 752 626 758 867 699 869 
