7 7
431 1 3 355 1 208 1
94 216 1 414 137 122 16
39 115 649 1 161 34 1
1 36 12 8 1 614 328
2 630 1 2 1 6 358
1 1 1 3 698 1 295
432 1 333 217 1 15 1

116 98 245 420 395 273 185 
499 305 492 160 51 139 150 
77 352 263 105 363 214 277 
398 9 81 15 475 100 178 
37 50 30 102 236 226 332 
349 425 497 377 499 413 403 
328 228 212 425 473 217 59 

20 206 63 426 411 119 303 
280 133 363 300 143 172 144 
259 308 412 208 99 321 226 
218 53 484 322 74 19 432 
93 65 378 464 101 100 464 
9 126 311 193 349 235 314 
272 411 97 411 139 180 455 

485 4 216 214 397 167 314 
241 206 16 199 104 48 105 
48 34 299 194 190 348 265 
491 351 263 418 314 10 39 
101 238 264 327 411 341 247 
254 447 473 76 362 327 278 
22 105 437 415 463 61 60 

253 262 372 288 325 362 165 
365 169 493 438 275 151 461 
148 210 292 442 438 482 293 
107 475 34 257 255 49 130 
486 74 120 54 286 350 401 
352 146 281 110 335 459 173 
436 106 410 369 24 250 172 

259 406 190 291 259 349 53 
273 42 271 468 229 469 266 
365 157 68 416 383 329 261 
493 347 358 176 426 359 78 
301 466 419 87 329 478 82 
199 144 187 267 452 427 423 
236 277 255 391 365 43 233 

187 341 467 37 360 220 392 
200 108 326 28 196 347 26 
283 39 467 446 297 212 365 
217 145 297 107 23 41 460 
200 498 168 461 277 493 118 
61 488 303 268 464 437 305 
26 400 256 437 272 2 318 

417 180 376 57 177 332 59 
439 449 495 443 479 290 282 
447 296 275 253 41 434 74 
32 168 181 308 278 383 68 
254 28 308 17 430 227 364 
412 168 397 97 212 42 436 
240 345 406 238 291 110 333 
