7 7
428 1 9 1 1 209 351
463 140 222 3 1 104 67
1 1 1 1 315 666 15
3 151 16 811 7 1 11
16 1 4 4 405 16 554
86 1 572 69 270 1 1
3 705 176 111 1 3 1

345 98 45 293 9 328 122 
164 386 238 239 336 135 141 
279 107 372 3 122 128 243 
261 303 6 166 355 13 200 
28 331 379 216 436 289 56 
443 415 85 401 350 469 30 
296 71 53 467 493 24 239 

343 427 444 213 171 142 169 
335 4 282 379 141 100 36 
54 391 334 482 426 149 451 
211 5 177 171 485 240 223 
112 109 405 454 127 385 98 
419 182 145 278 63 255 430 
61 64 36 258 128 233 235 

414 427 322 154 324 86 408 
477 207 323 431 132 106 275 
30 17 133 323 299 85 48 
478 74 45 439 378 135 238 
471 142 394 389 217 94 258 
143 136 75 250 146 20 15 
366 388 63 494 286 229 195 

47 396 230 143 71 194 338 
281 37 361 355 455 258 157 
22 13 150 410 298 383 303 
225 377 305 193 290 499 168 
51 10 368 212 324 214 306 
266 216 384 416 472 107 244 
63 94 324 226 66 169 20 

155 71 492 445 158 183 175 
369 120 370 227 245 344 224 
337 111 351 371 204 425 14 
348 11 238 172 30 54 36 
453 375 230 215 180 136 294 
321 121 151 151 264 425 263 
191 18 430 399 147 241 276 

87 334 412 151 448 488 431 
178 452 427 357 434 410 56 
55 346 174 19 41 83 400 
248 475 210 158 255 151 370 
438 267 118 147 400 141 304 
401 371 361 308 361 438 233 
2 201 377 152 194 23 53 

442 398 487 219 395 484 30 
478 271 237 377 124 241 183 
423 313 26 402 391 396 441 
340 329 60 384 154 115 182 
235 352 329 366 213 325 64 
370 405 286 458 333 421 150 
244 454 159 5 280 219 427 
