7 7
538 1 3 1 328 127 2
1 3 89 351 1 1 554
3 87 62 202 2 219 425
450 24 81 413 27 1 4
1 209 763 23 1 1 2
1 326 1 9 1 650 12
6 350 1 1 640 1 1

730 608 553 564 751 636 835 
911 607 949 651 977 893 725 
870 690 515 902 752 745 607 
577 962 563 947 893 752 637 
817 686 783 828 624 639 821 
820 996 810 934 804 672 576 
790 962 556 981 559 599 640 

757 882 943 531 833 796 634 
558 914 799 589 780 978 749 
859 800 957 826 509 943 757 
923 807 721 806 611 786 785 
899 752 933 933 533 976 902 
881 986 690 907 521 833 512 
866 747 989 576 791 517 896 

549 613 911 648 859 790 784 
722 657 583 929 724 734 620 
542 587 601 688 687 559 796 
858 556 941 549 956 958 852 
825 926 938 870 901 956 704 
915 772 962 727 621 631 993 
504 797 732 538 539 940 670 

777 833 593 771 642 531 871 
537 726 783 582 672 621 736 
663 764 896 869 504 559 767 
725 850 701 902 948 778 716 
737 979 532 832 865 657 891 
761 820 980 901 803 755 639 
870 577 882 763 607 612 618 

962 827 665 887 827 581 698 
610 595 854 896 933 696 935 
773 769 890 671 688 634 690 
717 749 813 631 682 787 910 
858 983 691 987 816 571 764 
515 942 963 580 906 892 788 
869 771 926 733 947 853 505 

805 681 628 905 790 730 654 
857 614 960 869 927 726 979 
543 842 653 704 677 820 913 
680 769 627 956 644 875 560 
533 689 842 546 681 829 578 
904 802 680 638 856 755 868 
607 552 524 839 892 775 780 

786 561 961 946 772 768 777 
776 771 773 891 583 618 851 
554 851 551 516 816 723 938 
734 964 858 770 749 654 847 
526 569 790 966 628 526 958 
643 550 823 986 947 766 681 
580 623 575 675 642 928 783 
