7 7
1 1 1 478 1 18 500
46 6 1 1 12 780 154
1 259 679 22 31 7 1
1 414 1 490 92 1 1
381 11 286 1 64 1 256
1 308 1 2 600 1 87
569 1 31 6 200 192 1

249 71 177 79 228 327 18 
469 253 218 138 98 216 99 
338 291 299 229 407 271 283 
480 141 434 192 247 301 453 
206 408 230 430 21 171 184 
306 275 423 251 420 352 321 
95 499 110 445 154 127 226 

161 461 391 341 439 319 267 
133 201 49 230 262 141 55 
169 126 360 229 118 363 139 
331 438 228 126 4 470 472 
334 99 423 434 136 437 303 
481 22 134 239 4 276 54 
83 331 71 270 158 289 424 

210 57 454 227 54 255 274 
209 267 138 300 475 132 275 
133 206 163 130 33 403 11 
392 384 91 55 424 231 145 
341 330 269 468 417 389 72 
76 168 377 91 486 419 206 
322 277 325 492 149 298 470 

250 54 445 63 222 141 428 
144 450 300 46 8 435 206 
217 130 120 285 317 397 224 
130 420 491 352 85 245 49 
160 375 42 412 282 51 4 
137 476 72 34 43 469 58 
158 114 312 320 345 250 131 

45 28 31 333 412 77 466 
499 76 495 224 170 419 335 
239 77 441 438 243 61 70 
60 177 285 368 317 142 366 
311 320 360 135 448 235 3 
51 498 241 152 499 88 253 
215 467 381 105 369 338 40 

187 357 325 165 171 218 357 
192 145 149 172 466 144 2 
257 246 129 6 474 398 231 
303 426 296 56 107 318 435 
44 198 455 165 351 468 29 
320 369 476 272 456 427 123 
397 168 256 22 95 410 254 

285 338 283 399 115 142 173 
359 172 499 42 461 238 333 
188 237 271 352 238 361 156 
25 259 112 198 246 331 353 
464 165 426 50 487 60 63 
283 170 377 428 187 148 166 
164 2 195 249 307 149 291 
