7 7
66 1 541 1 389 1 1
586 1 1 2 262 140 8
318 63 3 31 1 1 583
10 91 369 33 36 460 1
4 2 1 261 1 331 400
6 1 1 668 310 8 6
10 841 84 4 1 59 1

509 530 538 585 909 972 971 
506 512 777 719 851 679 798 
988 516 747 824 690 944 504 
696 965 998 868 743 670 846 
725 770 706 885 987 751 861 
700 729 870 675 764 788 816 
901 894 955 523 818 597 597 

809 896 583 516 925 794 984 
675 568 566 766 839 612 925 
865 925 904 913 712 595 927 
781 968 710 564 674 938 849 
590 797 882 935 860 514 667 
956 528 738 650 878 628 555 
884 789 566 912 862 512 890 

659 847 822 656 635 845 904 
754 653 772 611 857 698 828 
758 625 800 729 920 976 825 
908 854 765 569 858 792 645 
555 816 821 838 703 803 902 
904 541 790 812 501 913 918 
577 629 766 866 522 942 567 

571 869 955 822 935 966 854 
670 694 743 872 894 588 979 
966 655 507 602 599 778 881 
902 936 639 951 773 707 672 
855 697 639 722 705 948 963 
501 708 666 835 533 733 594 
739 519 728 917 619 867 910 

554 925 895 651 726 736 965 
880 510 829 538 597 991 793 
875 866 928 939 911 542 565 
637 856 992 532 508 753 833 
983 733 800 820 920 512 865 
543 900 708 974 522 686 974 
997 966 551 644 907 556 929 

635 567 875 504 666 952 803 
749 986 765 729 944 672 810 
866 751 881 509 819 680 878 
622 760 664 914 546 756 947 
599 926 622 513 882 629 886 
909 748 875 689 971 796 545 
764 627 568 850 757 963 705 

953 803 537 581 524 721 733 
711 765 922 734 811 801 845 
636 996 812 676 668 811 800 
708 866 515 981 538 920 966 
921 760 638 900 525 657 741 
579 727 612 863 562 767 506 
785 903 611 739 592 962 736 
