7 7
1 28 11 366 307 286 1
1 672 186 135 1 3 2
1 1 465 1 1 530 1
5 205 28 138 15 3 606
299 2 7 216 1 176 299
1 91 2 143 672 1 90
692 1 301 1 3 1 1

435 482 450 282 77 195 487 
317 31 29 2 438 384 83 
23 332 332 9 142 226 53 
496 381 21 275 358 160 403 
52 119 67 196 140 206 427 
497 176 334 92 228 227 252 
164 18 88 384 398 167 309 

420 210 388 387 395 316 283 
113 443 55 7 379 30 368 
175 176 349 8 224 186 437 
361 112 322 347 139 92 404 
338 108 452 115 166 241 39 
387 348 175 380 287 246 96 
308 173 278 419 444 15 269 

374 438 72 116 424 6 351 
6 477 477 403 292 99 46 
423 401 389 167 181 56 83 
98 187 175 388 76 101 86 
222 194 49 482 172 203 424 
79 183 308 6 43 47 354 
187 142 78 226 82 25 353 

92 227 301 310 319 465 197 
429 88 391 32 368 344 479 
49 305 148 230 120 322 425 
193 391 359 377 464 416 203 
309 118 279 425 353 250 318 
150 314 412 113 218 485 482 
164 175 224 318 326 419 31 

18 41 463 331 428 89 478 
302 37 435 159 168 211 20 
82 29 111 314 473 442 204 
313 76 189 341 305 75 242 
364 119 493 408 199 80 489 
379 490 470 99 321 328 202 
193 485 143 471 406 315 2 

135 130 10 305 200 498 276 
290 381 435 18 379 128 280 
333 168 193 218 377 3 198 
41 285 71 370 415 452 377 
450 195 276 396 258 324 437 
471 109 240 435 175 67 378 
334 18 188 6 100 8 382 

269 346 466 208 349 262 100 
64 381 467 428 29 311 462 
333 399 342 193 430 56 87 
307 442 160 118 492 209 326 
452 93 456 414 346 302 349 
33 288 11 130 399 154 388 
478 182 428 203 140 351 173 
