7 7
2 1 125 619 251 1 1
194 413 43 314 8 21 7
8 556 198 1 1 112 124
1 20 5 4 27 263 680
747 8 1 56 1 1 186
1 1 15 5 424 553 1
47 1 613 1 288 49 1

389 332 428 471 164 73 153 
40 148 27 280 374 249 308 
129 239 323 167 419 117 393 
10 384 171 229 105 165 54 
375 76 7 454 233 47 184 
461 356 416 440 428 112 268 
27 323 489 485 177 190 165 

256 324 42 287 325 474 349 
37 179 215 102 350 323 196 
452 448 206 360 474 207 83 
224 363 312 193 435 145 436 
109 162 279 277 48 252 20 
419 233 288 66 320 232 345 
306 49 127 119 237 392 125 

218 250 347 354 320 401 188 
284 35 317 332 47 444 243 
227 229 322 472 59 162 91 
128 143 99 38 20 400 49 
287 21 188 262 314 83 124 
73 228 97 67 354 379 147 
58 348 278 467 230 44 475 

360 442 278 104 185 223 268 
200 96 467 371 492 489 145 
413 164 14 440 213 216 152 
236 202 414 384 11 277 483 
454 103 378 129 455 322 408 
208 339 12 295 376 145 336 
15 332 225 98 436 364 339 

289 475 285 19 437 448 154 
174 161 288 57 461 375 431 
170 468 396 195 112 497 201 
151 91 40 190 37 72 32 
391 110 476 458 297 55 79 
202 31 30 386 123 66 353 
80 369 237 281 497 257 316 

223 97 368 319 34 459 499 
113 227 210 162 9 332 352 
242 173 469 282 461 469 398 
40 94 298 109 283 30 196 
170 299 60 188 33 254 215 
56 79 99 319 213 62 400 
489 319 249 126 120 327 307 

450 62 150 165 441 457 216 
259 433 30 254 225 57 233 
343 211 73 260 83 304 187 
123 192 182 144 329 174 263 
19 338 60 139 220 454 52 
199 418 110 339 230 447 212 
429 111 493 152 205 407 143 
