7 7
1 1 1 247 274 324 152
624 54 2 177 1 1 141
24 15 21 262 1 1 676
5 697 279 1 1 10 7
344 227 72 309 25 1 22
1 1 331 3 1 662 1
1 5 294 1 697 1 1

861 858 631 586 609 629 909 
684 527 547 834 744 537 943 
752 594 966 553 958 843 940 
632 667 703 992 605 501 563 
873 689 526 560 838 869 566 
504 543 767 811 856 624 654 
883 814 605 615 508 519 926 

648 622 580 870 932 694 733 
994 824 541 910 544 972 601 
588 798 996 502 603 892 991 
503 966 914 605 851 881 754 
998 851 990 790 654 777 634 
997 565 556 934 670 589 844 
994 515 643 526 803 558 715 

739 923 781 877 999 858 814 
884 923 900 818 747 897 996 
575 994 623 810 520 622 774 
987 810 648 737 826 992 912 
818 826 759 529 614 762 844 
944 710 652 547 541 669 605 
590 998 531 973 563 972 819 

817 869 819 905 632 867 628 
603 826 658 619 958 791 903 
922 511 573 895 824 809 663 
545 807 741 522 650 555 813 
696 975 788 640 848 771 777 
506 863 885 872 749 567 770 
574 991 995 574 503 925 729 

522 575 891 777 669 615 565 
870 606 979 841 975 645 708 
855 727 636 981 927 691 610 
781 604 803 654 827 774 559 
760 644 809 558 796 941 605 
597 857 629 968 861 861 977 
861 698 910 875 910 523 569 

719 757 685 794 783 539 868 
876 905 507 720 662 640 513 
846 849 983 634 790 513 938 
667 711 889 658 883 664 827 
911 794 535 639 603 683 988 
647 816 893 641 553 630 901 
810 674 508 712 605 829 728 

704 748 505 847 897 935 694 
858 927 944 836 819 927 709 
630 843 649 599 870 544 711 
741 880 971 662 539 996 841 
958 743 772 809 946 973 966 
613 896 560 965 506 626 580 
617 514 787 904 908 963 843 
