8 8
1 4 1 119 382 1 490 2
248 1 4 1 1 413 2 330
438 97 395 14 53 1 1 1
1 137 1 5 1 2 224 629
156 133 1 250 1 417 8 34
6 599 87 2 303 1 1 1
149 1 510 32 1 32 273 2
1 28 1 577 258 133 1 1

6 393 323 171 420 48 66 65 
292 49 157 295 204 102 109 115 
412 267 357 370 290 467 107 316 
413 269 200 490 280 269 428 264 
289 137 183 486 381 106 330 375 
21 20 42 182 286 160 483 391 
18 62 240 421 361 308 306 85 
86 262 425 274 416 163 378 198 

457 496 288 381 164 374 444 2 
27 336 432 283 391 320 391 212 
296 215 27 469 244 210 173 265 
424 432 447 314 375 439 442 302 
343 247 480 76 24 213 263 434 
177 459 272 336 419 480 483 71 
264 91 56 365 378 325 283 303 
111 450 474 252 320 162 285 38 

428 64 435 266 80 5 404 377 
266 416 216 84 198 206 140 124 
205 309 358 371 117 170 290 76 
60 220 269 356 326 496 445 245 
136 483 3 496 394 283 304 437 
278 70 116 491 79 21 5 177 
245 113 373 74 235 142 214 254 
67 155 330 442 487 388 85 377 

69 134 314 140 347 253 239 141 
144 367 51 264 247 179 24 267 
413 404 81 482 475 467 14 408 
115 352 24 163 203 359 23 487 
31 339 31 327 498 127 444 448 
266 224 341 469 476 92 260 32 
479 137 329 205 476 212 289 118 
117 127 54 89 183 179 324 301 

152 221 188 241 273 130 283 236 
114 57 119 297 253 14 344 226 
175 215 176 343 192 81 320 94 
199 250 463 253 69 141 23 142 
9 64 42 408 216 39 33 256 
395 357 69 145 315 446 355 387 
185 240 232 326 300 420 490 245 
25 176 318 222 178 136 254 315 

210 313 202 63 321 435 68 462 
45 330 257 6 379 161 27 332 
286 36 108 430 266 174 364 367 
223 414 135 25 374 440 268 182 
230 187 123 275 396 416 328 214 
252 400 103 450 454 175 236 245 
289 178 267 484 377 64 439 363 
324 147 320 173 210 181 206 179 

320 178 172 148 211 279 305 284 
39 267 54 213 428 185 121 296 
353 228 81 328 3 32 74 221 
364 114 231 55 34 279 409 18 
497 400 145 126 364 302 239 447 
399 470 16 52 44 18 295 464 
400 339 169 212 169 219 379 111 
423 385 497 87 59 438 319 177 

380 471 439 5 114 135 261 417 
326 120 155 115 307 363 364 422 
173 343 83 417 374 139 494 422 
147 418 479 68 444 247 36 468 
289 336 289 299 186 312 269 184 
393 296 81 294 143 442 158 75 
381 149 351 189 321 3 361 152 
111 232 248 165 467 60 220 319 
