8 8
195 23 454 3 5 1 55 264
121 9 1 450 1 101 162 155
10 655 15 37 1 265 16 1
1 2 9 2 237 110 427 212
30 212 1 70 10 1 314 362
1 1 1 1 703 290 2 1
641 97 1 6 6 228 17 4
1 1 518 431 37 4 7 1

792 635 887 511 799 503 628 726 
783 835 646 779 874 954 927 712 
593 933 875 637 597 978 967 557 
983 598 772 964 828 835 615 933 
993 755 974 676 772 577 906 978 
842 618 979 843 516 619 684 772 
897 766 645 723 582 579 756 814 
934 993 879 613 739 719 847 534 

555 747 711 957 557 873 881 669 
542 737 615 773 561 786 835 729 
652 563 957 740 792 686 931 832 
691 792 907 904 731 895 671 525 
871 823 988 864 869 740 682 519 
782 729 730 906 943 628 967 595 
651 745 796 515 640 598 535 900 
952 994 900 842 566 866 787 638 

510 751 858 740 867 649 722 673 
886 772 765 912 841 506 977 626 
652 645 978 578 982 965 617 918 
547 819 625 874 908 594 852 868 
679 961 653 552 603 741 907 616 
778 833 503 832 914 647 748 772 
818 540 751 974 564 577 954 836 
502 930 541 977 618 738 891 553 

573 644 517 636 513 943 906 768 
589 541 501 989 543 858 983 830 
718 774 648 643 857 948 644 932 
894 745 781 524 519 763 723 856 
717 933 937 701 917 810 540 514 
574 988 580 914 659 652 822 616 
800 915 598 923 995 912 976 736 
812 801 953 662 534 974 763 519 

704 980 754 947 515 738 859 762 
825 797 858 598 540 891 858 713 
534 515 538 732 964 501 521 890 
695 607 788 823 699 881 891 986 
639 582 663 726 749 876 851 819 
687 638 725 736 583 508 918 781 
874 616 911 713 676 649 662 688 
825 913 792 773 643 820 839 594 

537 866 530 520 744 705 664 813 
590 813 538 507 558 509 709 684 
946 931 717 964 814 825 616 710 
620 648 642 513 566 540 795 880 
568 502 979 795 945 818 548 862 
912 905 515 588 974 747 751 748 
974 587 749 824 740 943 709 854 
986 773 896 595 697 767 675 662 

528 590 946 669 530 829 524 662 
943 935 618 780 979 690 614 597 
617 545 900 924 693 727 982 804 
888 871 679 602 523 628 730 674 
860 940 574 597 520 633 957 553 
799 800 999 827 936 985 716 902 
540 852 539 656 868 796 759 751 
778 980 585 781 522 619 873 927 

662 663 821 721 729 723 829 620 
789 887 811 509 735 790 544 577 
902 862 649 986 670 906 635 845 
601 867 633 912 514 710 503 930 
564 898 974 564 577 584 592 771 
507 706 580 827 633 951 876 588 
936 576 870 699 947 932 578 540 
777 752 546 812 503 992 661 593 
