8 8
264 85 549 13 5 82 1 1
1 130 166 104 1 328 260 10
2 1 27 717 1 118 54 80
85 1 31 1 417 1 463 1
1 1 13 7 281 64 1 632
344 154 2 153 1 4 68 274
163 539 1 4 290 1 1 1
140 89 211 1 4 402 152 1

57 225 131 171 106 24 121 448 
353 163 223 168 361 172 449 407 
71 240 234 331 377 393 490 289 
314 397 249 107 265 157 142 301 
490 115 187 355 392 76 472 246 
460 359 219 148 309 84 206 498 
476 27 27 333 225 485 325 330 
173 395 273 187 144 64 260 108 

96 226 474 14 403 347 52 68 
304 370 292 472 220 94 466 240 
142 309 32 16 348 125 323 326 
439 131 24 178 127 299 214 271 
11 308 110 154 66 313 353 465 
202 180 247 498 38 240 101 499 
12 452 38 360 232 344 63 485 
221 353 332 68 251 17 432 377 

141 384 31 178 475 249 361 318 
217 299 345 127 443 80 211 432 
106 357 4 441 361 192 16 358 
86 275 407 112 381 434 375 429 
279 190 23 490 14 350 384 27 
345 48 380 204 477 381 18 275 
363 479 279 152 186 259 175 486 
441 147 80 373 216 278 129 379 

152 88 459 31 414 442 179 260 
32 69 304 290 99 55 282 245 
143 429 252 241 132 471 363 26 
220 302 365 220 47 73 186 397 
103 277 59 470 127 140 311 120 
352 181 480 243 7 105 70 304 
46 468 302 450 13 189 155 69 
437 325 173 347 199 131 234 189 

6 125 467 233 458 332 241 430 
314 211 108 287 95 17 296 453 
81 321 392 226 237 204 403 152 
465 367 455 422 210 54 156 20 
32 357 11 389 359 485 85 303 
41 160 123 199 161 242 66 47 
493 454 468 150 432 220 489 159 
266 432 269 339 374 80 480 310 

486 200 463 442 104 251 496 460 
325 458 136 165 29 439 285 438 
458 462 444 9 229 441 340 406 
26 115 28 61 448 184 409 382 
202 466 497 148 374 212 451 130 
81 234 428 19 214 81 228 149 
115 374 252 340 188 302 269 219 
109 377 421 199 460 353 217 143 

360 121 283 476 268 456 156 325 
1 135 50 479 413 487 8 132 
345 407 1 201 363 310 271 59 
443 231 155 124 117 191 26 342 
202 222 421 223 390 378 173 170 
369 301 383 14 172 351 325 85 
46 161 257 249 334 380 288 26 
255 398 37 242 492 88 427 387 

496 190 464 423 25 340 262 370 
275 484 482 295 223 406 415 158 
87 393 83 321 181 378 324 303 
352 205 1 88 140 163 118 17 
422 379 259 440 427 90 282 301 
301 93 96 499 439 281 46 195 
439 148 360 259 401 371 244 317 
238 479 469 256 125 266 457 224 
