8 8
1 449 17 1 164 15 225 128
1 1 29 16 463 249 240 1
7 11 254 1 1 724 1 1
602 30 1 1 241 1 1 123
19 1 352 623 2 1 1 1
1 7 243 1 3 1 1 743
120 499 16 356 1 5 1 2
249 2 88 1 125 4 530 1

309 482 497 438 420 446 450 239 
461 261 339 134 275 413 203 49 
150 7 191 450 18 347 314 113 
313 400 76 39 386 491 227 408 
326 13 411 312 76 32 150 32 
99 319 317 392 205 375 398 189 
94 393 130 419 217 102 302 24 
17 392 86 22 491 396 139 442 

467 305 154 254 449 145 137 5 
146 293 417 426 189 260 476 318 
238 210 328 187 286 284 43 92 
93 379 465 214 232 190 385 393 
194 194 476 411 433 34 263 138 
221 344 171 271 357 320 399 63 
486 189 200 278 369 488 291 106 
102 51 8 201 190 431 216 122 

197 483 153 484 402 477 434 378 
384 56 397 298 421 147 252 140 
226 325 68 362 325 177 266 461 
464 229 231 132 139 237 54 489 
378 265 8 236 476 384 351 413 
69 78 118 459 293 437 20 417 
441 366 401 135 374 148 208 42 
77 93 331 419 396 328 98 78 

166 454 400 348 71 145 266 196 
58 345 207 81 431 155 202 289 
16 452 42 157 193 203 134 26 
233 378 348 10 406 105 122 478 
413 194 237 201 352 454 43 499 
72 129 355 231 249 180 119 242 
340 392 176 213 77 64 408 463 
378 3 317 301 42 314 417 177 

224 4 141 2 96 195 86 127 
85 479 215 451 486 9 94 257 
104 492 474 126 374 243 399 489 
1 73 60 50 19 439 102 43 
82 137 179 21 100 216 177 359 
320 211 148 354 354 7 434 328 
97 112 262 23 267 307 326 440 
222 66 210 139 365 318 431 183 

199 426 340 400 275 388 63 480 
369 14 225 238 195 432 266 139 
66 233 118 102 190 32 26 14 
160 83 76 118 174 369 433 457 
433 370 462 486 178 453 489 217 
180 41 96 250 167 178 408 449 
349 142 475 329 463 111 172 357 
287 80 50 206 365 168 247 70 

233 126 254 422 41 169 254 244 
316 122 199 419 452 275 16 327 
83 453 36 228 361 166 100 342 
290 172 105 363 4 308 199 409 
61 390 460 291 138 123 461 293 
322 41 72 319 9 171 54 3 
126 372 90 212 22 14 309 35 
449 262 247 435 148 188 198 105 

33 428 234 448 314 148 51 202 
158 211 217 415 68 96 460 124 
312 428 373 368 161 294 45 151 
333 113 121 92 177 146 373 180 
394 203 195 257 242 322 368 271 
363 289 118 432 169 323 279 448 
281 275 286 242 344 146 222 419 
458 157 77 239 206 462 163 327 
