8 8
336 111 352 119 74 1 1 6
11 1 223 1 37 25 1 701
1 224 1 54 1 629 6 84
1 647 1 1 15 1 333 1
6 1 1 745 1 1 164 81
19 1 1 1 333 341 289 15
273 14 1 78 521 1 1 111
353 1 420 1 18 1 205 1

727 709 815 566 569 956 567 611 
621 720 578 687 885 872 841 568 
655 683 917 989 503 604 596 591 
953 756 970 768 745 870 603 811 
972 634 863 911 627 699 772 646 
908 780 767 953 629 728 964 984 
598 766 969 716 883 655 558 593 
952 941 800 584 659 924 722 884 

931 603 971 993 690 908 677 598 
659 538 715 962 779 680 984 582 
686 755 727 517 547 820 585 765 
958 579 959 576 648 588 516 816 
610 716 854 799 610 871 855 656 
669 953 897 945 541 910 801 630 
768 864 544 772 840 553 830 665 
818 661 888 619 611 949 846 580 

970 603 952 941 583 855 733 932 
785 576 549 668 522 576 692 920 
984 934 685 596 861 885 667 868 
655 866 713 724 506 845 840 690 
842 823 610 726 716 843 716 874 
945 622 946 905 780 961 679 726 
702 518 655 680 550 823 805 611 
839 804 610 815 642 552 733 919 

736 584 615 986 836 858 777 894 
917 676 976 509 666 848 793 755 
925 969 968 879 699 929 721 727 
872 919 649 575 985 613 777 960 
894 776 890 663 569 999 838 629 
530 513 721 889 900 604 821 603 
733 785 727 513 557 663 856 696 
544 972 754 934 651 790 987 781 

734 501 569 635 661 675 583 607 
929 833 672 828 509 762 921 583 
957 867 830 845 978 777 946 689 
579 854 845 847 678 962 542 797 
869 974 912 792 737 721 859 674 
595 717 564 825 583 600 654 663 
736 727 512 926 807 857 752 994 
937 864 825 834 649 764 565 915 

861 593 847 959 976 835 865 835 
597 614 779 568 813 780 686 584 
648 538 539 646 976 950 784 950 
947 939 831 706 915 760 525 680 
937 553 966 554 675 833 621 780 
790 734 771 991 790 851 878 703 
764 820 569 503 676 557 509 802 
870 789 800 912 943 856 634 994 

657 821 794 836 895 593 821 824 
719 890 523 728 656 766 778 775 
654 730 580 875 777 881 548 558 
757 761 808 789 506 707 667 704 
582 960 571 817 634 672 877 812 
991 585 994 865 576 821 792 581 
858 675 635 750 618 793 670 880 
692 953 655 839 651 901 947 824 

555 748 772 985 991 748 571 659 
680 816 882 784 690 784 983 746 
809 663 530 711 898 759 655 911 
573 797 577 850 774 519 632 833 
811 538 605 772 781 670 909 622 
963 748 724 587 789 966 862 599 
640 925 544 850 717 827 968 569 
585 699 954 789 526 734 567 503 
