8 8
11 32 154 1 381 1 268 152
1 1 1 594 1 281 118 3
557 1 1 1 130 305 2 3
4 16 15 150 1 102 497 215
7 374 371 227 18 1 1 1
2 41 5 1 1 308 112 530
68 534 112 1 188 1 1 95
350 1 341 25 280 1 1 1

303 178 420 399 119 381 206 249 
445 346 122 337 108 459 230 247 
267 211 99 430 161 269 393 76 
360 250 112 150 54 210 254 103 
253 193 145 420 22 409 141 181 
42 178 465 440 252 465 224 356 
99 205 387 115 114 15 467 206 
59 232 17 69 96 397 90 305 

278 208 433 120 426 237 277 224 
251 252 336 127 439 171 230 110 
150 132 93 262 403 31 426 54 
164 185 453 481 426 197 181 129 
147 452 108 92 236 318 182 92 
277 474 44 387 362 81 385 404 
112 109 66 183 101 410 28 154 
396 229 92 132 66 405 68 224 

82 141 296 12 148 188 443 435 
471 81 484 499 140 8 451 463 
65 90 356 469 71 36 393 179 
327 410 294 105 94 305 72 83 
374 225 136 197 148 261 262 94 
315 272 160 197 257 373 289 280 
269 445 228 424 274 128 274 361 
245 233 431 251 427 50 356 436 

84 83 246 311 306 179 120 34 
208 149 247 393 300 107 97 239 
218 253 58 4 110 485 90 77 
485 22 256 65 297 228 194 381 
493 127 42 67 106 269 262 291 
402 458 145 456 179 244 323 431 
239 382 332 124 436 33 121 117 
55 81 158 478 124 79 350 423 

356 74 178 95 81 428 181 203 
132 92 102 306 50 344 476 75 
224 404 137 350 344 496 208 96 
379 450 416 470 19 430 413 8 
165 274 257 242 9 466 261 236 
188 5 294 258 20 488 434 270 
229 36 437 213 329 45 387 472 
135 337 119 204 377 59 168 229 

53 152 272 421 141 63 194 495 
6 171 1 21 131 324 245 385 
102 245 449 151 272 116 73 34 
377 307 217 115 69 425 76 98 
93 35 141 265 63 304 369 402 
481 172 140 164 265 385 483 326 
152 73 116 82 227 409 385 41 
434 32 269 425 365 365 237 36 

382 427 228 285 421 83 341 103 
156 22 282 49 144 18 358 485 
466 399 334 263 27 47 384 157 
396 217 86 275 413 252 499 90 
164 17 29 114 312 353 409 52 
13 344 193 134 190 407 246 25 
365 197 152 402 497 275 327 365 
160 200 230 335 305 61 76 197 

246 121 480 408 86 427 335 358 
450 468 284 369 414 436 171 212 
303 397 131 425 470 291 368 164 
258 404 415 117 205 269 115 482 
211 328 158 256 197 275 416 158 
108 16 2 481 253 159 351 11 
83 105 183 320 421 363 250 63 
127 104 377 360 236 351 189 272 
