8 8
242 1 1 1 127 6 538 84
342 1 4 1 162 1 281 208
114 168 1 25 165 384 1 142
212 183 1 49 27 1 1 526
1 603 294 1 1 1 98 1
3 3 183 290 484 1 35 1
1 26 301 632 1 1 1 37
85 15 215 1 33 605 45 1

972 650 949 508 678 716 869 567 
956 747 731 547 887 656 896 545 
902 522 673 623 736 885 773 573 
567 998 895 632 582 628 741 631 
686 699 770 552 772 653 709 879 
814 836 803 597 746 700 599 991 
510 939 744 703 568 991 521 703 
622 660 665 820 554 618 552 778 

906 983 749 912 587 572 922 812 
872 757 839 649 949 509 892 911 
795 999 595 657 529 770 702 796 
989 913 702 861 989 998 517 554 
772 779 814 843 759 856 748 653 
575 964 694 971 908 656 932 855 
768 903 888 860 673 840 757 836 
927 723 568 519 851 794 531 829 

981 647 659 774 842 539 576 950 
510 790 783 576 838 836 841 831 
668 858 898 691 775 556 619 515 
821 608 521 967 794 680 733 642 
671 861 740 815 814 637 578 602 
565 781 708 845 626 891 748 701 
691 645 548 571 763 752 709 708 
574 736 770 610 742 653 945 664 

932 989 640 923 885 602 621 719 
786 702 794 886 738 808 559 728 
776 556 875 674 517 559 740 525 
708 955 605 559 563 686 904 777 
862 972 617 727 788 587 611 797 
778 725 957 730 867 849 817 728 
729 717 580 873 748 770 541 770 
992 780 575 704 985 735 950 714 

647 966 944 623 838 580 992 573 
988 866 892 642 820 506 824 960 
975 964 865 618 741 727 751 569 
565 681 897 626 515 607 523 712 
555 738 591 873 700 719 515 608 
787 694 874 778 767 758 960 700 
834 964 751 688 808 526 509 947 
887 520 809 776 594 894 676 609 

642 913 770 824 843 773 580 567 
955 626 868 737 711 558 664 746 
918 993 619 624 836 697 773 833 
864 864 758 671 546 958 795 810 
867 761 972 642 785 959 612 707 
576 950 994 514 716 547 726 519 
723 605 638 908 929 896 628 583 
628 966 530 723 578 676 845 602 

790 625 950 908 652 989 777 918 
543 795 805 504 613 843 960 719 
659 857 684 584 967 589 771 710 
750 973 715 560 575 548 562 922 
593 596 553 864 975 825 730 755 
956 647 557 935 946 671 886 620 
911 510 816 853 939 910 577 740 
899 755 789 898 555 775 938 914 

501 906 953 782 961 829 712 612 
574 836 861 754 981 668 658 596 
857 899 599 559 879 876 686 913 
962 766 693 689 805 569 739 674 
803 953 779 993 900 653 787 525 
906 838 602 518 614 815 798 723 
708 994 985 655 713 665 788 669 
806 788 976 954 978 878 770 762 
