8 8
558 1 63 255 1 119 2 1
100 3 375 347 1 1 164 9
58 13 298 251 1 231 1 147
3 222 2 43 727 1 1 1
29 268 13 1 16 636 1 36
27 256 1 42 1 2 27 644
217 1 124 1 252 5 239 161
8 236 124 60 1 5 565 1

965 582 809 894 911 713 646 902 
719 943 616 519 608 530 960 575 
936 953 907 550 944 661 686 712 
902 643 885 750 912 786 947 773 
504 515 712 824 866 572 525 719 
942 642 972 653 547 973 943 860 
645 917 754 850 753 594 713 700 
816 924 972 754 664 711 980 605 

519 588 688 760 786 747 753 963 
598 673 533 600 815 524 564 704 
562 817 821 720 867 938 864 777 
648 727 913 546 583 735 681 720 
960 994 947 916 723 526 517 868 
710 565 730 695 815 787 931 980 
709 788 918 502 773 555 641 603 
900 910 580 976 549 764 815 720 

871 828 568 720 982 982 932 528 
783 596 967 747 947 810 780 813 
885 722 871 742 618 710 556 548 
556 822 894 742 717 632 512 802 
822 764 741 914 517 763 938 664 
902 910 705 687 944 788 919 545 
950 892 551 524 929 942 603 585 
959 843 698 889 737 942 938 891 

758 530 663 839 857 647 965 834 
993 885 956 654 816 669 811 752 
878 999 809 901 978 614 802 650 
625 823 844 695 870 502 898 523 
859 941 899 765 978 779 724 687 
946 829 609 656 675 669 867 887 
810 723 845 501 847 953 598 977 
970 843 605 744 713 517 838 537 

870 590 669 536 726 870 908 899 
550 523 916 525 888 546 760 766 
745 628 949 812 835 674 864 996 
949 864 717 647 927 932 636 968 
657 892 624 503 895 702 856 633 
910 703 860 919 844 767 598 887 
639 901 525 876 997 769 824 729 
799 769 629 840 758 567 985 782 

566 625 982 869 536 896 684 851 
697 874 536 923 585 951 994 893 
961 514 887 978 865 539 864 713 
910 986 613 812 901 548 780 881 
932 856 974 879 890 782 770 969 
823 809 706 967 756 905 789 797 
771 537 907 870 710 987 897 510 
984 603 668 972 952 747 755 526 

576 871 792 756 612 874 892 669 
521 888 803 880 575 882 570 768 
897 588 789 899 648 704 923 654 
559 720 544 880 611 998 907 831 
590 519 757 915 681 891 864 769 
890 999 670 900 816 673 693 827 
829 568 746 657 544 655 879 938 
777 891 821 758 504 749 550 691 

933 884 504 583 723 727 843 799 
580 683 512 956 915 571 965 674 
758 507 790 999 709 779 559 703 
821 752 576 935 843 586 827 804 
597 743 946 915 857 544 557 643 
617 513 507 571 964 720 609 958 
790 930 886 583 609 688 601 891 
871 634 660 564 628 994 964 513 
