8 8
626 1 23 1 5 94 249 1
130 1 2 458 23 117 1 268
4 665 65 1 1 5 258 1
156 267 1 104 413 1 4 54
1 9 3 28 1 8 371 579
1 46 121 398 256 1 99 78
81 1 37 1 300 561 1 18
1 10 748 9 1 213 17 1

394 492 380 384 359 66 74 62 
466 29 430 64 51 265 222 208 
479 88 51 279 351 188 299 227 
241 31 286 180 432 460 169 388 
391 10 232 125 489 322 122 113 
366 227 421 260 290 152 86 288 
86 48 156 64 376 40 383 299 
15 406 389 170 93 99 177 354 

119 448 118 470 22 148 469 25 
34 427 487 440 489 68 463 476 
28 54 151 45 349 323 445 108 
403 64 461 297 371 342 343 280 
80 298 427 308 452 49 452 121 
306 289 237 310 385 498 185 341 
438 283 32 50 8 148 100 142 
308 487 302 179 142 364 433 54 

454 429 418 428 110 437 338 66 
57 257 119 330 427 344 193 63 
348 447 32 56 447 187 346 431 
217 388 448 450 348 256 307 17 
321 152 147 45 108 386 331 297 
388 86 252 60 318 395 108 266 
148 273 498 146 175 241 34 325 
114 167 353 212 57 45 25 44 

100 154 174 49 174 497 339 479 
328 476 214 478 410 304 237 448 
228 217 491 150 123 16 55 483 
425 74 360 259 250 467 384 219 
187 30 336 195 323 19 404 402 
446 363 469 300 364 372 492 492 
200 315 388 118 215 260 378 311 
249 252 106 338 154 206 494 175 

408 27 461 442 114 460 278 114 
49 339 493 51 245 139 31 370 
215 229 279 248 445 323 292 197 
110 60 186 21 202 356 122 225 
494 75 477 429 186 129 189 316 
96 450 306 237 452 306 479 421 
47 464 136 342 235 469 401 236 
63 178 126 334 398 138 48 206 

401 274 282 470 378 379 198 236 
172 87 370 426 129 399 179 168 
405 68 161 96 464 373 389 266 
107 28 147 403 66 107 178 210 
67 354 7 246 133 176 10 257 
326 149 413 459 108 414 219 499 
109 5 396 151 335 240 99 484 
11 58 265 299 416 9 421 164 

338 292 261 404 103 441 386 152 
176 357 191 464 335 492 304 304 
263 451 271 140 223 427 284 100 
96 250 305 427 379 139 304 406 
11 405 1 263 28 148 464 436 
488 151 224 372 128 203 331 499 
419 194 307 45 368 213 143 33 
173 384 466 185 486 195 132 498 

357 274 125 137 402 33 127 172 
488 298 131 113 492 433 50 27 
313 465 418 293 40 424 185 92 
122 448 396 132 40 424 222 354 
167 76 20 33 130 416 182 316 
18 279 444 358 75 486 330 299 
354 476 477 370 370 373 273 137 
128 477 80 482 376 418 187 255 
