8 8
390 1 1 396 1 5 1 205
18 188 250 1 462 54 26 1
1 407 370 3 131 82 1 5
454 3 335 1 1 5 6 195
6 176 1 1 1 813 1 1
112 135 41 200 4 25 482 1
1 1 1 14 390 1 1 591
18 89 1 384 10 15 482 1

893 505 536 669 831 977 914 787 
596 645 513 558 997 997 890 776 
735 995 522 670 898 912 530 598 
889 876 634 927 892 650 861 574 
549 907 581 752 812 591 812 598 
887 903 646 864 757 881 710 614 
907 567 915 852 787 827 752 851 
929 800 848 508 625 821 692 510 

581 925 564 536 555 794 659 619 
959 709 686 681 538 990 857 837 
757 809 635 725 580 934 530 617 
885 659 802 804 628 986 571 577 
817 946 603 858 957 834 642 571 
806 797 982 879 548 777 953 862 
732 533 933 745 951 826 692 551 
624 530 922 547 552 600 847 519 

502 763 895 547 897 740 910 848 
876 907 573 826 850 822 705 533 
830 706 686 520 733 511 544 549 
741 687 827 902 735 902 528 608 
548 763 673 908 562 682 525 739 
592 864 881 632 728 830 772 711 
806 948 742 851 927 844 993 537 
674 749 625 615 560 607 509 566 

716 560 938 597 657 668 775 799 
596 706 965 776 576 944 871 638 
781 943 502 695 826 513 557 996 
714 993 761 865 742 775 620 551 
922 795 798 897 818 637 984 658 
839 655 725 742 820 749 547 742 
583 626 569 532 653 635 961 805 
631 764 582 528 740 678 749 724 

781 703 563 589 993 785 709 704 
965 610 570 649 847 513 735 597 
895 651 710 968 550 575 927 892 
876 818 759 913 787 752 996 979 
739 907 566 504 617 737 988 924 
922 711 663 547 784 622 907 657 
925 839 992 512 632 747 783 937 
778 712 592 844 707 734 823 908 

876 662 548 583 824 933 864 541 
650 784 965 737 966 673 865 524 
662 502 789 587 596 660 532 906 
856 566 667 939 838 786 527 753 
522 782 761 639 520 791 953 882 
696 652 904 566 508 555 713 707 
695 983 507 791 822 938 635 745 
600 956 707 796 532 574 624 830 

946 525 527 633 923 689 623 662 
654 826 634 740 533 672 510 858 
647 688 612 521 665 962 919 975 
779 970 607 968 545 855 834 800 
914 598 832 655 558 755 971 644 
901 609 855 505 884 636 894 712 
755 597 916 594 522 751 595 586 
895 909 641 730 922 850 890 525 

567 693 812 967 543 855 681 808 
518 918 637 999 789 930 744 843 
974 988 983 806 677 802 744 695 
897 783 762 920 784 717 563 547 
759 855 655 932 504 819 525 545 
813 689 675 747 932 928 975 989 
895 923 859 785 949 519 598 890 
949 898 595 832 849 914 875 844 
