9 9
534 105 45 46 256 5 1 7 1
2 557 1 1 1 86 278 1 73
1 2 5 1 1 607 31 125 227
173 2 6 669 37 105 1 6 1
1 39 579 1 315 1 1 1 62
182 1 1 1 80 1 118 1 615
1 53 1 2 289 29 558 48 19
105 1 241 278 1 62 9 302 1
1 240 121 1 20 104 3 509 1

583 808 941 798 601 684 961 514 908 
791 732 554 594 791 694 766 909 940 
990 758 553 794 694 741 997 694 749 
823 665 633 827 840 678 867 785 959 
613 823 582 753 896 541 603 855 728 
876 985 848 627 570 702 795 565 894 
560 938 888 721 757 760 843 907 543 
963 574 642 814 512 931 641 783 869 
514 880 971 533 601 726 580 526 934 

654 579 839 621 785 562 704 803 867 
646 720 730 535 519 808 740 994 744 
615 747 886 726 985 843 728 878 787 
570 531 825 787 693 502 965 717 508 
924 530 832 996 953 908 874 829 883 
538 792 846 605 648 622 755 816 656 
740 587 959 715 801 878 549 578 585 
737 512 788 605 664 685 833 904 817 
557 887 609 591 968 925 585 925 719 

683 787 881 752 641 530 778 972 506 
520 565 598 977 599 683 917 550 642 
573 678 518 538 983 980 666 629 996 
544 669 945 502 985 945 593 547 556 
530 768 958 739 789 916 806 624 785 
607 663 898 911 945 608 729 548 873 
863 716 773 672 505 832 822 546 795 
961 643 708 509 982 884 547 805 733 
599 972 802 936 732 862 753 678 960 

846 697 961 896 787 869 959 931 720 
664 625 833 738 900 569 527 952 892 
935 742 905 734 666 611 762 744 631 
821 838 553 912 800 751 618 731 514 
973 793 964 663 700 865 702 864 648 
550 533 920 893 691 772 616 907 856 
503 666 955 787 821 519 726 941 634 
889 713 878 515 926 856 837 860 670 
584 861 763 632 879 898 868 859 682 

849 780 533 764 534 615 868 596 554 
688 809 544 805 899 950 880 987 521 
996 763 581 802 648 733 984 553 858 
506 828 788 854 830 743 900 984 742 
999 583 810 526 501 922 936 750 833 
694 964 864 591 684 964 714 874 531 
719 655 707 829 971 872 956 561 595 
755 537 962 981 519 960 651 518 692 
820 696 591 899 881 884 765 641 625 

957 629 585 830 862 692 902 646 611 
507 852 949 836 622 648 815 644 746 
878 967 911 653 637 751 753 636 894 
744 967 672 869 853 775 802 557 668 
610 557 864 817 825 720 753 816 877 
736 772 828 687 773 822 975 859 958 
589 815 816 582 660 890 872 703 952 
849 556 756 586 757 708 871 853 538 
528 744 919 637 844 645 525 977 950 

580 644 618 743 732 601 537 789 872 
562 517 590 753 989 983 930 804 653 
558 527 957 947 696 794 930 649 790 
556 700 911 936 834 722 691 810 813 
787 546 502 832 561 527 767 780 574 
521 971 889 863 603 625 957 535 905 
653 854 673 928 579 623 568 533 933 
810 764 678 999 743 574 841 892 524 
611 553 941 958 781 970 629 611 721 

981 784 758 959 679 589 905 539 557 
582 541 702 982 890 899 666 991 754 
953 721 975 961 704 798 771 858 841 
872 823 531 991 760 537 841 574 902 
554 918 737 879 762 749 746 647 630 
867 590 579 982 952 778 536 744 552 
941 828 631 742 915 837 696 726 747 
844 986 528 972 612 807 710 680 877 
926 978 741 700 641 547 839 677 949 

907 613 586 621 808 979 813 960 921 
669 647 786 544 963 980 818 923 889 
641 504 677 559 618 699 781 642 766 
554 600 507 784 770 789 592 859 503 
577 725 806 561 796 843 757 615 526 
737 858 640 593 923 956 665 799 606 
544 807 969 715 700 870 781 595 526 
813 888 730 653 747 696 914 703 703 
703 761 794 716 539 997 661 978 855 
