9 9
87 5 1 1 529 336 1 39 1
69 136 59 24 91 2 177 290 152
1 1 113 448 1 1 6 2 427
5 2 595 1 3 315 38 3 38
41 184 3 383 63 1 1 172 152
1 286 149 33 2 1 1 462 65
42 1 1 2 177 8 610 2 157
208 383 20 107 122 1 151 1 7
546 2 59 1 12 335 15 29 1

49 206 285 138 243 307 454 367 31 
403 177 97 169 394 250 87 48 452 
233 201 19 380 70 478 202 431 235 
113 282 446 43 471 211 241 492 316 
137 478 414 333 27 45 134 17 76 
383 201 267 138 115 366 203 222 16 
485 479 237 372 142 188 39 297 301 
41 238 271 451 415 319 85 125 174 
321 435 49 298 300 131 224 158 171 

239 357 180 326 18 446 314 182 289 
143 481 303 482 183 25 108 99 185 
398 250 440 340 214 221 37 228 418 
187 366 441 380 45 368 463 323 270 
393 372 472 229 324 48 42 337 293 
207 198 19 485 54 262 303 248 132 
90 35 6 32 62 274 126 216 123 
371 16 126 374 423 439 313 222 87 
470 205 403 433 239 435 263 457 122 

235 440 321 241 397 282 141 382 340 
42 13 341 467 128 126 331 107 22 
472 29 141 360 451 276 384 44 146 
329 250 46 283 213 171 208 267 498 
302 321 308 474 23 485 249 164 61 
126 132 34 84 204 35 410 294 55 
45 466 44 135 330 223 267 354 78 
349 209 202 424 474 384 55 447 339 
110 17 152 280 494 109 376 364 86 

106 418 475 311 156 196 204 150 276 
225 234 65 19 305 73 343 260 297 
194 85 234 310 29 198 65 420 453 
319 328 199 277 180 409 57 78 172 
379 227 89 400 226 389 327 477 343 
15 406 213 229 495 255 266 115 157 
272 324 115 181 297 320 250 12 497 
417 69 287 367 226 293 274 446 250 
490 331 235 169 75 116 339 265 409 

490 83 405 206 324 274 264 82 127 
197 74 256 89 398 350 32 159 121 
249 278 156 313 298 206 4 407 49 
360 403 318 257 452 264 473 408 347 
365 346 58 267 34 237 289 200 454 
107 162 71 216 497 389 404 51 86 
293 336 433 377 39 168 241 166 44 
334 172 493 384 70 284 189 440 495 
417 138 181 162 103 451 438 87 248 

176 297 210 324 74 77 479 47 477 
299 192 205 186 27 410 270 105 231 
432 277 205 37 403 180 490 1 227 
460 197 269 264 415 48 332 417 200 
44 150 322 229 338 246 160 445 479 
378 92 467 390 475 454 174 135 250 
320 28 405 445 288 73 355 286 276 
498 346 277 448 299 25 454 30 296 
411 358 137 366 22 448 76 146 460 

263 481 39 182 400 104 362 134 30 
52 30 297 179 90 286 40 241 125 
148 40 333 389 199 318 457 460 205 
487 124 259 253 455 411 139 45 179 
319 116 300 235 109 118 442 118 383 
383 149 235 425 312 357 157 160 473 
170 434 386 307 70 297 424 366 150 
168 118 130 70 51 415 190 362 136 
59 433 308 420 168 233 171 469 78 

64 167 477 48 410 427 497 414 457 
64 496 356 353 486 328 152 81 73 
273 159 143 469 392 323 272 92 383 
93 194 207 370 431 152 199 335 158 
59 17 34 142 182 463 175 146 309 
278 215 206 16 265 144 277 104 466 
90 50 193 55 357 293 383 79 43 
431 371 25 228 467 417 208 196 320 
168 345 185 253 178 149 432 489 494 

104 488 308 488 447 452 230 61 263 
19 230 310 218 485 356 28 62 3 
483 132 348 234 429 199 193 366 463 
161 169 95 352 164 164 222 14 446 
397 127 247 323 422 210 433 169 16 
340 475 264 305 206 281 74 160 306 
192 289 413 191 163 472 404 55 343 
254 493 53 277 93 302 34 410 60 
372 216 245 98 159 95 280 427 229 
