9 9
675 1 5 1 82 7 3 225 1
7 358 48 577 1 5 1 2 1
56 206 1 2 248 258 176 3 50
92 40 419 82 1 196 2 5 163
1 83 1 303 207 82 1 5 317
161 2 1 1 9 237 32 95 462
2 24 1 1 450 5 81 433 3
5 24 1 32 1 70 634 231 2
1 262 523 1 1 140 70 1 1

685 606 740 578 533 516 978 809 692 
852 948 791 561 726 560 593 521 909 
669 977 662 697 690 903 706 739 859 
840 736 940 728 792 694 610 697 852 
990 804 517 515 980 521 775 865 959 
506 983 903 584 686 549 707 551 718 
972 998 748 626 786 988 608 593 621 
607 934 837 630 923 965 556 879 512 
716 994 537 650 947 884 580 993 503 

930 643 701 644 966 761 695 777 655 
865 583 856 781 609 771 711 758 668 
980 626 988 748 737 965 709 699 521 
609 923 771 513 782 842 699 686 675 
866 591 951 714 888 894 897 958 933 
751 642 563 631 640 977 992 525 510 
768 778 921 525 655 659 960 685 915 
634 992 698 554 536 675 964 526 971 
503 554 660 664 550 554 852 993 851 

897 944 713 779 703 617 747 709 620 
679 914 631 789 867 765 777 988 838 
665 789 542 844 556 786 666 592 583 
749 818 895 662 777 507 848 524 962 
511 662 984 575 538 666 616 780 639 
928 531 785 562 873 505 783 573 905 
775 738 853 589 778 943 588 629 857 
548 964 736 562 868 578 662 577 958 
552 698 628 581 650 991 715 936 946 

608 757 794 766 850 740 968 527 909 
780 651 624 877 789 719 723 553 538 
852 904 795 899 687 860 556 847 560 
878 552 640 738 615 711 872 813 877 
688 804 791 682 600 891 672 725 701 
769 801 568 897 685 972 975 642 607 
596 798 905 739 910 872 618 947 679 
740 523 743 759 542 913 509 895 551 
748 513 860 883 717 871 868 661 964 

575 752 787 802 593 724 792 920 564 
895 948 652 572 791 993 776 643 778 
886 680 823 630 859 556 549 712 532 
750 761 692 919 808 555 620 678 571 
659 939 746 919 713 555 810 659 609 
595 893 846 719 885 517 986 901 759 
523 972 947 808 839 611 827 551 841 
654 992 796 998 505 670 562 810 555 
690 948 774 988 637 816 774 946 995 

928 808 647 632 537 716 725 751 536 
515 999 530 994 909 843 720 909 530 
828 991 973 881 538 756 913 827 934 
711 689 912 629 568 520 668 795 534 
757 809 552 916 510 637 726 538 961 
545 852 995 522 564 871 548 549 725 
759 677 519 949 851 735 983 715 673 
966 934 937 831 516 664 824 577 781 
665 899 963 766 806 741 594 701 903 

742 698 944 548 879 923 561 546 676 
743 803 634 659 961 744 894 985 789 
589 784 934 617 923 601 607 779 961 
552 766 526 819 727 656 873 696 616 
784 821 853 591 743 567 609 928 772 
584 928 943 757 520 684 513 597 520 
721 888 759 646 650 687 685 620 522 
552 917 879 773 903 769 733 806 810 
671 881 823 605 947 827 818 840 792 

959 964 896 573 568 699 593 519 559 
857 647 560 873 627 921 818 966 889 
567 771 655 819 806 823 699 514 940 
699 851 592 765 685 992 865 952 991 
608 887 514 899 829 868 851 651 743 
697 744 947 874 821 512 513 657 949 
508 779 865 765 883 801 914 628 967 
813 874 849 512 655 653 794 948 677 
949 913 751 667 825 514 914 986 665 

846 819 885 818 649 894 764 940 520 
562 944 644 961 914 596 604 706 917 
855 882 738 860 908 867 591 828 621 
541 940 755 618 612 749 998 704 770 
903 778 543 617 591 691 698 953 621 
645 664 537 905 672 509 917 997 605 
841 982 554 914 699 995 884 681 845 
678 853 832 773 854 938 812 941 614 
540 841 790 722 956 641 970 842 806 
