9 9
2 15 1 22 1 52 170 366 371
489 30 246 209 20 1 1 3 1
144 2 1 1 127 1 10 139 575
248 6 1 1 637 43 1 22 41
1 1 550 431 5 1 5 2 4
113 134 198 49 18 450 35 2 1
1 309 1 79 1 1 602 1 5
1 171 1 205 190 428 1 2 1
1 332 1 3 1 23 175 463 1

143 314 58 108 300 6 219 99 212 
497 465 490 104 41 20 428 229 344 
160 349 249 231 40 395 402 283 25 
182 379 185 24 22 285 212 255 178 
214 189 197 174 378 334 292 331 485 
95 427 418 30 329 208 258 85 308 
282 30 423 221 167 249 37 411 112 
265 430 8 449 477 60 171 382 326 
292 486 30 499 369 90 104 269 317 

214 408 140 105 276 28 109 126 79 
140 137 178 360 329 236 168 484 377 
175 214 26 172 215 84 402 483 353 
306 477 498 254 11 121 313 384 81 
489 51 462 33 254 232 89 256 174 
209 59 218 26 156 401 362 255 446 
156 251 300 175 405 356 339 298 22 
62 127 205 80 482 301 281 338 304 
356 239 419 24 467 424 102 482 259 

83 304 190 53 259 120 299 87 99 
110 455 462 432 358 90 260 208 266 
438 14 497 274 255 328 336 462 488 
26 114 177 185 189 173 125 353 375 
369 430 177 204 159 144 131 152 182 
156 408 51 299 104 125 438 229 318 
268 245 88 135 35 107 378 160 78 
28 498 33 216 421 78 354 417 409 
425 130 122 106 475 417 155 162 254 

251 320 32 186 277 354 361 289 262 
378 486 310 354 451 465 191 388 123 
104 19 446 345 426 300 429 221 355 
145 72 77 451 128 283 273 286 462 
472 229 226 216 208 291 305 198 461 
149 471 372 422 236 430 124 252 63 
303 3 466 359 314 12 11 30 293 
137 459 277 191 24 261 199 284 157 
415 187 375 378 190 191 286 194 415 

498 6 155 62 493 470 242 467 385 
228 291 208 341 358 431 394 193 478 
309 151 456 150 259 365 225 82 418 
37 43 19 254 214 14 18 133 107 
238 50 280 246 253 205 402 303 223 
438 103 103 56 471 239 276 373 51 
306 3 265 109 313 461 115 211 144 
116 79 24 50 158 69 263 316 312 
131 121 16 239 60 400 466 263 223 

338 419 6 495 268 150 105 67 214 
496 60 157 97 62 435 40 304 428 
472 4 423 332 363 424 42 471 9 
223 475 114 245 235 119 131 415 314 
216 210 428 153 242 271 496 352 243 
271 291 196 377 411 430 184 425 459 
154 218 23 146 203 315 222 287 236 
12 304 413 450 79 395 284 267 140 
117 79 402 202 336 179 176 211 38 

248 10 498 311 279 250 129 332 115 
168 317 321 201 400 49 480 462 17 
81 185 371 68 388 429 356 244 28 
138 279 400 465 347 65 27 498 271 
372 419 189 473 417 194 462 229 167 
76 440 365 286 58 269 303 455 159 
93 256 34 236 105 324 95 459 494 
107 484 157 9 98 468 359 25 275 
37 245 10 483 40 398 451 497 151 

232 154 485 213 47 389 61 295 27 
472 322 327 345 178 253 85 2 81 
91 278 481 291 138 51 300 392 7 
477 343 398 21 190 380 283 275 314 
302 207 347 290 273 496 302 7 52 
56 27 183 297 277 297 152 251 244 
368 83 102 401 75 146 450 401 79 
488 99 139 58 243 347 395 467 255 
450 364 6 257 421 157 24 44 100 

421 430 434 183 431 345 156 210 362 
11 305 288 83 367 432 406 168 173 
265 178 414 426 390 413 325 486 104 
316 420 64 440 280 28 266 185 85 
2 362 313 105 297 384 434 186 32 
63 275 453 258 266 466 178 400 39 
487 74 43 17 235 49 231 287 28 
460 486 139 270 499 56 340 340 442 
220 33 113 427 318 494 472 415 185 
