9 9
110 1 272 7 1 1 339 267 2
6 497 21 1 418 1 47 1 8
349 69 259 1 3 242 3 73 1
1 1 379 316 278 15 3 6 1
5 1 57 404 104 2 2 29 396
3 3 3 1 1 692 1 5 291
1 1 1 49 134 1 513 1 299
177 1 7 176 1 39 91 507 1
348 426 1 45 60 7 1 111 1

85 275 212 83 154 484 101 257 249 
181 174 402 122 490 415 100 153 203 
489 295 326 416 431 215 228 294 325 
234 350 104 401 445 329 85 230 205 
365 394 37 70 115 89 306 235 462 
221 274 271 300 242 35 100 98 234 
408 441 318 109 128 201 24 222 408 
417 27 88 135 445 103 363 198 350 
189 336 332 296 56 391 192 486 354 

20 8 414 397 408 138 362 268 195 
337 117 326 263 408 114 314 198 330 
272 161 120 386 148 419 291 186 74 
249 6 263 2 265 342 192 427 354 
370 498 351 405 240 180 484 20 92 
483 339 248 436 180 225 92 473 167 
74 245 345 48 64 93 489 345 191 
157 92 166 366 288 473 260 44 269 
167 215 204 3 205 318 166 156 484 

328 387 302 48 69 41 138 225 387 
1 235 32 469 399 246 444 321 263 
474 448 320 351 252 497 9 106 395 
282 34 374 169 424 479 290 331 414 
312 63 279 398 132 316 184 441 140 
413 221 399 287 24 209 74 114 18 
25 139 345 164 279 70 26 259 443 
418 11 179 84 117 146 380 438 459 
94 58 110 430 61 476 225 281 336 

423 106 397 478 278 353 48 66 298 
369 224 269 277 422 10 248 63 288 
391 493 372 431 44 308 248 166 298 
74 495 349 291 308 205 143 283 169 
443 2 334 162 394 480 480 262 143 
274 301 46 87 278 45 451 315 387 
107 324 163 482 485 366 484 328 241 
434 391 132 57 342 287 202 157 327 
215 479 186 12 134 165 289 134 284 

429 272 6 30 224 462 285 46 190 
475 291 13 41 176 159 101 383 122 
40 195 310 89 202 131 380 320 125 
132 313 371 373 243 355 356 137 299 
407 431 244 267 267 445 100 182 464 
208 159 379 316 316 213 185 53 199 
130 438 264 322 347 130 79 471 426 
485 367 242 345 80 51 478 57 422 
42 47 246 87 429 203 289 70 63 

39 95 385 183 493 327 489 324 178 
441 309 149 344 188 465 80 308 260 
157 356 245 449 471 251 238 490 210 
14 410 336 360 240 202 408 15 245 
472 25 403 128 167 388 71 452 237 
107 156 89 416 53 399 433 183 218 
445 106 111 9 133 145 377 295 211 
330 407 351 432 219 326 391 467 16 
429 251 223 152 436 168 99 390 460 

413 464 202 90 339 164 351 394 130 
480 321 224 183 321 64 176 451 164 
222 295 307 339 325 161 38 230 66 
80 194 289 236 63 101 264 209 4 
106 267 349 77 321 135 121 136 369 
374 27 143 23 253 379 54 473 48 
386 187 30 201 446 441 480 118 466 
118 384 109 223 342 160 462 147 75 
189 416 179 495 401 463 225 424 45 

203 149 153 42 61 242 152 260 468 
167 205 221 199 359 309 234 161 135 
386 57 386 338 180 90 392 210 28 
59 20 91 497 353 269 39 371 230 
113 311 170 45 365 417 22 79 120 
91 193 413 34 403 94 61 332 60 
82 246 182 327 253 256 416 193 189 
138 193 248 64 29 433 411 362 320 
61 79 458 367 140 416 261 474 215 

348 235 377 471 451 275 261 248 384 
435 309 438 449 101 301 338 6 486 
464 442 31 365 287 380 283 358 370 
442 342 411 141 307 195 488 384 383 
194 260 141 261 433 475 251 165 217 
80 63 97 174 401 103 330 41 484 
248 182 218 254 272 286 26 307 316 
153 464 224 60 484 459 287 303 201 
483 23 149 46 314 37 182 11 299 
