9 9
130 179 70 96 418 1 1 1 104
98 1 1 262 2 1 15 246 374
1 252 1 58 271 1 9 248 159
36 106 33 398 221 1 2 3 200
180 1 1 76 12 726 1 2 1
1 1 494 24 1 1 328 1 149
548 117 4 24 1 30 256 9 11
5 341 395 1 1 238 1 17 1
1 2 1 61 73 1 387 473 1

603 694 768 696 709 693 538 578 698 
723 655 921 943 606 982 669 981 978 
967 588 816 950 732 944 958 674 605 
559 896 632 687 897 790 840 618 543 
993 739 893 729 541 861 944 553 999 
984 625 859 582 884 600 808 850 688 
778 708 944 553 844 551 754 682 704 
756 533 703 549 720 506 923 870 963 
853 887 920 749 915 933 639 702 855 

512 924 955 731 789 681 816 982 668 
694 667 978 986 714 699 991 822 852 
891 851 509 550 705 833 513 692 852 
838 922 566 868 944 830 836 932 607 
514 800 952 687 798 557 664 949 667 
901 776 696 765 598 691 510 802 618 
920 780 890 906 518 674 817 731 502 
533 553 795 899 890 992 848 761 903 
510 599 681 852 901 999 852 593 839 

855 920 886 505 986 766 761 626 791 
724 574 722 804 627 608 646 825 883 
664 701 581 845 919 901 583 742 696 
586 501 727 839 599 540 672 970 675 
517 846 933 568 652 628 973 811 755 
736 780 809 515 847 774 523 806 929 
547 674 538 766 547 667 900 587 860 
662 897 796 654 987 815 939 996 627 
838 946 569 964 659 959 813 586 719 

731 622 539 584 513 746 589 930 990 
854 812 633 501 990 858 509 624 566 
650 520 670 536 579 556 861 517 676 
652 506 965 889 618 502 532 664 934 
566 603 521 807 628 988 831 995 631 
710 596 544 563 752 545 502 654 982 
756 804 995 885 544 627 720 969 596 
641 843 650 948 888 689 929 798 658 
864 726 577 661 998 654 910 726 755 

563 693 743 740 731 689 764 621 536 
770 536 983 910 649 777 589 911 910 
930 997 643 532 827 531 548 748 543 
560 969 897 986 694 812 642 681 681 
944 911 756 749 694 917 850 605 719 
813 751 666 887 610 837 871 698 631 
720 598 780 632 914 753 651 585 507 
595 973 530 728 564 924 881 765 625 
528 512 728 504 860 575 899 656 904 

936 961 837 957 718 982 877 751 736 
663 722 737 557 959 893 758 642 966 
578 513 937 627 813 699 802 889 693 
672 507 660 653 648 714 997 750 958 
621 523 888 687 783 920 704 899 876 
566 855 912 556 960 503 662 819 714 
790 793 619 874 588 952 850 968 762 
541 847 764 786 721 995 590 867 515 
872 968 970 889 524 952 609 816 584 

549 839 782 672 844 769 844 506 514 
512 882 901 756 567 992 918 860 878 
968 946 594 852 626 706 967 535 579 
505 999 584 865 857 792 735 697 526 
610 967 607 709 805 869 723 948 782 
752 540 899 667 511 720 842 709 954 
588 717 572 969 848 866 547 970 700 
835 569 992 540 862 643 823 765 691 
807 723 534 644 939 559 820 936 544 

946 650 818 720 706 787 542 520 656 
943 732 762 905 671 911 911 606 954 
734 994 516 662 986 851 837 893 547 
998 501 558 509 928 804 722 513 806 
735 977 526 605 765 679 560 736 567 
898 661 713 783 641 781 537 741 892 
673 536 741 775 507 529 900 852 702 
678 587 639 522 797 737 646 896 586 
566 917 785 576 855 782 526 627 661 

915 659 797 714 949 629 839 653 770 
702 941 848 651 571 706 739 516 881 
826 776 535 763 759 647 656 665 862 
974 974 877 665 703 664 742 750 987 
824 701 649 660 898 519 785 866 521 
775 888 991 536 878 829 573 838 964 
716 684 775 579 587 804 518 983 973 
838 830 809 978 990 939 752 624 762 
875 970 760 670 841 611 900 697 894 
