9 9
75 39 1 127 377 3 376 1 1
191 1 5 685 32 83 1 1 1
1 667 1 1 2 17 8 159 144
1 208 144 1 2 12 340 1 291
2 1 14 1 5 385 20 571 1
8 25 2 1 577 265 120 1 1
1 1 360 77 1 2 1 1 556
1 57 472 99 3 232 131 1 4
720 1 1 8 1 1 3 264 1

181 158 354 461 35 15 312 163 137 
472 67 77 487 298 302 92 179 263 
103 155 260 493 286 29 203 277 485 
67 405 145 297 66 325 201 238 488 
143 62 46 23 316 245 24 129 424 
351 357 361 456 45 98 219 90 172 
134 327 335 450 312 44 498 242 170 
169 234 440 416 371 6 188 228 285 
200 466 210 350 111 150 402 315 270 

122 285 354 244 60 389 421 187 371 
396 101 198 165 357 96 166 87 245 
391 481 274 256 450 152 28 331 347 
433 276 217 177 7 226 135 142 228 
265 465 133 396 359 360 358 344 159 
489 3 486 302 438 28 317 81 223 
465 182 278 220 245 190 120 222 141 
251 247 420 459 35 274 113 361 168 
43 154 220 202 159 99 395 222 474 

467 480 237 239 262 6 446 406 147 
46 270 469 378 225 59 436 40 468 
66 462 288 155 29 395 266 351 98 
118 385 429 358 152 148 489 101 451 
28 208 289 202 78 407 406 135 493 
337 242 65 261 163 261 188 260 230 
488 5 115 142 187 146 419 327 293 
354 414 60 435 488 115 387 231 463 
64 313 285 256 103 420 462 112 434 

240 77 140 331 183 487 38 224 359 
29 425 454 214 123 245 277 1 246 
109 140 69 157 145 297 267 490 46 
89 293 117 9 14 10 250 188 300 
167 33 171 270 296 442 397 195 304 
200 359 190 221 80 324 66 4 488 
50 125 205 313 23 460 193 276 385 
41 287 439 73 344 97 381 208 485 
231 29 12 10 46 476 105 61 288 

277 487 231 416 109 308 196 431 438 
379 255 396 333 35 109 137 317 403 
172 497 176 305 199 440 407 175 487 
69 179 487 8 469 442 42 116 361 
315 96 147 339 465 327 149 385 328 
361 301 12 381 359 302 403 175 437 
184 155 187 420 462 308 266 99 422 
379 468 407 355 79 85 283 147 416 
319 43 254 456 340 408 27 174 243 

393 240 48 235 482 295 362 368 477 
467 272 383 435 132 164 122 159 274 
25 274 203 349 174 205 284 136 183 
263 188 382 283 294 159 74 166 254 
220 394 214 227 457 135 26 491 133 
263 440 233 438 111 300 365 313 297 
435 492 337 372 333 298 370 389 96 
279 121 56 233 222 218 208 49 169 
49 345 126 332 243 443 120 32 419 

272 370 191 262 30 332 175 180 12 
311 329 141 466 9 65 109 387 478 
247 91 65 11 12 395 472 289 146 
132 309 415 103 391 206 136 107 200 
108 450 307 55 3 205 104 22 243 
465 265 455 253 165 373 109 384 79 
334 380 118 422 79 464 447 113 374 
98 242 160 98 360 444 7 222 85 
188 377 92 283 97 91 28 154 170 

143 436 336 133 66 163 229 227 426 
377 437 75 416 88 405 367 332 121 
302 462 128 479 319 94 143 434 50 
138 356 414 168 160 122 491 349 121 
214 390 450 214 411 111 358 453 330 
240 134 60 498 262 191 277 149 231 
195 139 2 310 196 267 268 383 53 
243 145 229 283 117 155 84 425 315 
448 342 415 261 498 390 73 93 335 

214 372 293 340 87 18 451 499 312 
339 243 117 481 127 82 279 129 174 
162 172 455 373 404 258 486 137 363 
220 10 336 296 221 19 200 388 479 
301 194 150 443 215 395 395 57 112 
8 70 384 420 396 141 80 307 217 
41 1 49 37 272 219 438 338 398 
326 20 330 191 30 51 455 461 303 
450 375 8 98 390 392 247 448 194 
