9 9
659 3 214 7 2 14 99 1 1
30 568 5 23 274 41 52 1 6
17 1 84 455 52 52 1 8 330
100 1 282 1 52 3 297 1 263
42 69 1 66 278 1 1 540 2
1 1 2 126 339 1 525 4 1
7 1 92 214 1 254 23 16 392
133 114 1 3 1 633 1 110 4
11 242 319 105 1 1 1 319 1

513 866 579 858 557 743 623 948 595 
977 672 592 820 740 763 603 692 927 
908 730 600 694 554 827 971 575 843 
918 537 971 819 572 505 958 906 602 
619 654 877 667 752 812 995 853 571 
747 521 824 724 546 643 572 922 991 
977 808 910 630 553 504 558 852 577 
614 873 959 693 668 834 866 870 758 
694 534 673 640 884 998 536 650 814 

558 772 783 524 773 666 965 591 747 
822 694 609 951 692 888 869 842 896 
511 840 778 770 758 622 576 850 966 
595 953 678 747 928 707 967 931 533 
813 539 695 574 821 631 835 889 603 
737 896 896 618 872 803 639 714 672 
918 835 701 770 979 930 975 796 662 
671 964 960 595 654 558 620 986 885 
627 627 980 680 825 686 841 823 672 

817 929 871 908 591 719 950 835 816 
978 630 729 761 969 868 840 684 756 
569 846 624 759 885 752 912 720 955 
573 613 972 618 913 658 936 944 692 
630 770 894 639 798 820 501 714 905 
626 935 677 846 788 722 641 893 952 
584 712 710 694 803 705 921 793 616 
643 877 963 539 882 961 551 943 576 
787 678 832 781 967 998 763 517 543 

537 584 987 651 563 513 761 864 693 
741 521 832 911 791 702 717 854 774 
509 986 818 686 828 871 587 787 689 
829 552 920 787 685 841 954 597 786 
704 893 907 812 847 689 855 773 502 
950 887 807 880 984 850 501 778 707 
977 668 878 753 983 587 591 955 778 
756 670 770 784 920 592 601 823 922 
540 803 620 756 962 706 908 668 595 

707 987 582 808 597 538 528 531 922 
533 706 769 981 542 800 560 553 862 
595 971 590 865 749 816 666 907 801 
713 687 754 590 607 968 660 712 646 
512 983 891 841 673 623 567 731 945 
565 566 505 642 775 872 776 927 946 
945 646 938 787 723 563 613 564 942 
951 845 912 687 967 884 886 622 764 
651 597 594 862 665 597 595 881 749 

845 725 566 525 898 605 936 763 669 
989 505 627 938 978 957 842 703 866 
979 716 633 821 889 542 603 555 780 
925 937 862 800 959 598 790 541 796 
571 932 535 529 691 562 587 728 697 
933 716 657 643 921 907 576 777 713 
810 607 710 809 626 820 805 995 886 
773 597 653 642 663 929 707 951 813 
942 699 727 813 666 735 551 885 980 

904 595 943 535 619 783 988 646 828 
594 742 802 525 744 927 608 910 675 
804 847 702 742 588 750 734 942 702 
995 681 835 708 777 711 613 915 980 
746 811 976 891 986 553 744 898 834 
674 952 847 905 803 552 670 918 944 
640 932 742 659 814 653 798 790 941 
542 534 795 736 616 651 726 885 940 
741 789 924 528 927 603 720 548 506 

635 868 911 542 981 992 831 694 554 
829 504 677 639 660 741 718 664 621 
965 701 631 865 811 700 837 641 840 
609 767 957 846 588 813 825 830 882 
728 858 758 505 545 661 563 864 528 
608 771 866 931 893 564 928 774 530 
971 797 723 900 660 753 923 837 665 
734 847 577 832 786 805 934 570 675 
566 546 576 952 997 702 673 518 818 

505 644 643 624 588 847 563 626 630 
662 773 794 573 918 802 708 676 997 
973 580 558 651 778 736 850 837 968 
717 923 853 796 792 965 567 876 827 
651 673 873 506 660 652 597 511 732 
791 654 522 555 791 805 818 913 753 
640 574 733 815 656 736 608 775 852 
590 916 530 507 721 663 634 765 841 
885 911 815 775 581 584 553 661 775 
