9 9
564 88 63 8 2 1 1 1 272
1 1 2 15 600 5 75 7 294
1 1 592 2 1 1 55 1 346
8 12 21 1 288 297 136 173 64
158 252 39 247 86 12 14 191 1
127 590 1 150 1 9 111 1 10
71 1 122 481 9 87 1 227 1
68 1 79 72 12 138 606 13 11
2 54 81 24 1 450 1 386 1

162 181 161 465 453 280 84 354 459 
191 326 213 22 355 26 74 329 132 
183 55 173 403 347 431 49 20 100 
245 331 163 421 84 153 313 417 49 
263 345 491 87 275 109 336 31 379 
479 299 427 476 267 363 65 292 241 
349 368 154 413 172 230 320 155 142 
421 138 240 166 192 270 212 486 124 
222 469 54 97 165 329 186 151 242 

230 480 366 152 377 366 13 392 255 
135 211 207 79 491 44 498 292 253 
256 121 150 260 495 144 184 203 259 
157 285 118 182 5 61 142 79 255 
25 167 453 338 114 438 122 451 448 
379 318 437 79 484 434 35 352 223 
125 293 285 145 408 490 391 251 163 
235 310 313 9 249 204 120 180 302 
39 445 428 207 247 8 482 451 385 

217 489 83 274 355 244 106 334 406 
172 307 450 275 433 411 437 164 132 
41 353 470 478 188 121 305 242 371 
435 318 133 198 306 374 87 477 143 
422 51 241 499 372 4 453 41 424 
38 413 52 348 51 497 481 1 432 
391 84 274 15 451 488 60 261 185 
114 110 169 8 68 257 314 101 33 
432 474 485 368 177 364 314 398 184 

145 230 483 301 379 1 28 350 152 
386 268 334 478 87 276 422 476 334 
34 435 268 493 81 385 106 9 406 
63 226 335 435 445 276 332 98 402 
331 428 306 297 256 267 186 406 75 
491 68 367 56 120 107 205 96 488 
326 98 228 289 154 257 86 364 292 
396 310 294 267 63 402 17 35 301 
406 213 165 412 7 478 90 41 298 

337 149 222 213 296 277 279 24 68 
415 352 386 444 162 112 231 161 219 
467 62 482 331 144 73 386 110 349 
256 460 363 270 383 199 130 112 408 
254 184 267 345 419 199 54 337 302 
293 485 481 345 273 1 234 387 329 
418 78 354 451 15 298 442 425 232 
236 221 113 21 394 437 101 470 496 
356 295 98 433 76 404 353 436 63 

271 498 405 228 363 61 457 398 184 
264 36 287 67 392 54 334 283 186 
221 212 111 87 382 476 472 147 116 
36 231 138 11 313 126 14 429 476 
246 322 145 411 424 428 113 480 431 
435 145 375 458 352 102 445 254 369 
429 155 152 494 85 297 36 392 352 
499 212 475 193 30 367 240 372 322 
421 26 337 141 346 26 396 285 402 

196 92 340 243 29 356 469 441 63 
230 79 180 63 459 51 250 453 423 
485 278 90 456 169 477 355 244 39 
88 433 489 90 396 106 346 333 299 
239 43 270 24 127 259 165 435 499 
151 179 113 414 132 237 221 495 479 
434 366 87 90 160 128 338 140 223 
25 355 482 411 174 151 118 243 307 
144 269 346 444 54 259 127 389 481 

406 484 215 14 58 337 253 461 451 
377 228 309 312 371 209 307 258 254 
78 42 451 324 174 302 27 337 351 
303 485 307 304 300 29 26 6 73 
369 31 427 208 50 416 347 23 462 
173 174 35 430 4 198 350 27 126 
81 204 90 499 409 265 484 33 331 
233 347 52 204 354 409 328 231 481 
124 163 386 8 493 456 86 41 44 

366 39 224 384 270 325 23 173 96 
302 223 39 376 470 430 55 405 126 
33 153 7 28 337 186 469 221 266 
307 358 449 361 278 180 42 165 95 
305 279 28 378 141 135 333 477 212 
272 315 428 152 355 324 171 124 495 
348 462 127 306 121 427 196 204 59 
439 438 170 480 490 361 22 472 401 
225 21 320 391 174 115 209 299 273 
