9 9
578 123 1 1 1 46 1 238 11
9 1 1 1 304 380 53 250 1
76 185 7 214 458 9 1 2 48
1 670 1 5 3 3 109 2 206
1 17 228 24 3 3 631 12 81
1 1 228 2 1 109 24 1 633
1 1 531 8 58 358 25 1 17
332 1 1 409 30 67 154 4 2
1 1 2 336 142 25 2 490 1

644 969 642 780 998 615 682 802 968 
543 647 890 989 864 709 719 783 773 
937 653 988 735 933 609 534 530 827 
856 703 837 769 654 713 801 668 558 
714 594 873 658 717 895 551 917 561 
828 906 507 999 550 613 830 578 945 
530 784 990 578 757 709 779 760 897 
958 682 994 614 635 529 578 507 759 
766 926 941 723 858 731 573 504 522 

549 781 632 639 746 676 927 688 627 
941 983 828 923 967 657 621 546 935 
970 913 700 974 790 978 636 616 696 
889 806 732 553 759 822 936 758 784 
762 900 660 622 643 840 552 886 731 
690 904 764 877 538 581 818 572 856 
852 906 953 754 854 826 602 995 647 
527 674 565 714 909 779 997 733 806 
642 633 581 572 632 709 540 654 594 

596 541 915 755 519 942 990 976 518 
604 863 748 726 684 805 754 619 854 
745 852 825 556 904 749 807 643 563 
702 827 639 683 505 578 606 612 920 
727 673 530 938 799 835 829 740 916 
833 685 631 854 869 989 890 930 558 
695 686 633 972 773 796 882 596 787 
607 648 569 751 643 610 573 918 605 
550 739 889 777 889 875 976 748 750 

578 742 927 754 861 809 717 784 623 
797 659 954 674 558 826 587 541 869 
521 517 814 846 813 837 971 635 614 
587 699 857 963 537 818 850 811 519 
586 989 880 706 839 783 623 856 965 
910 907 768 934 928 804 640 595 531 
997 780 558 508 981 848 506 807 750 
951 788 718 885 723 988 952 904 742 
900 723 943 684 652 832 827 694 794 

522 624 799 658 593 798 587 572 737 
659 818 634 910 826 964 978 790 619 
656 961 827 867 663 819 758 734 945 
575 980 618 559 715 971 627 848 833 
855 698 830 995 972 590 896 697 532 
659 634 946 991 755 559 714 598 761 
955 703 725 796 731 860 571 629 762 
601 885 677 583 913 908 931 841 865 
635 969 745 986 943 711 870 650 653 

825 933 725 636 658 942 919 911 959 
633 972 516 837 597 735 663 917 735 
656 542 599 526 559 980 644 664 850 
946 624 614 752 676 534 635 550 840 
612 916 704 899 873 546 868 677 580 
847 688 855 892 774 715 538 975 904 
715 762 682 724 580 657 805 703 542 
788 841 803 715 680 846 734 657 887 
939 721 573 945 968 844 794 963 930 

781 855 616 941 729 862 570 986 996 
733 839 878 700 536 838 961 726 999 
540 732 731 681 806 910 948 803 765 
836 952 581 819 636 542 696 518 841 
518 703 565 595 943 633 874 896 982 
993 854 995 591 806 839 882 980 804 
971 988 945 895 894 532 628 682 884 
609 985 584 762 907 906 798 656 946 
781 727 816 847 644 763 822 854 942 

547 540 630 659 655 946 803 544 790 
865 610 824 644 612 685 990 832 893 
907 887 631 742 695 639 617 864 983 
908 595 687 910 916 804 912 812 894 
659 951 672 527 976 713 681 998 836 
903 581 586 926 587 842 945 808 825 
857 925 804 594 796 853 722 602 970 
731 982 885 813 991 724 719 687 611 
640 981 901 701 941 759 718 890 792 

999 587 678 792 628 949 817 509 996 
994 903 846 806 722 584 666 938 905 
608 898 635 668 674 503 671 783 674 
680 739 926 738 538 582 875 742 775 
864 562 911 931 965 880 652 946 511 
655 681 544 731 687 887 517 765 807 
825 927 571 911 829 670 989 811 901 
668 848 823 989 634 645 796 813 905 
533 963 723 712 748 760 705 687 913 
