10 10
101 490 259 1 2 40 4 2 100 1
114 3 336 480 1 54 2 1 3 6
3 1 48 1 41 104 782 2 6 12
1 268 4 205 1 102 10 197 73 139
468 71 5 307 93 26 1 6 22 1
8 37 5 2 1 158 1 602 184 2
66 4 1 1 258 196 112 1 198 163
237 1 1 1 1 114 68 1 412 164
1 124 340 1 16 4 1 1 1 511
1 1 1 1 586 202 19 187 1 1

954 612 901 705 662 860 901 724 788 848 
995 832 923 732 635 641 787 687 581 766 
701 822 937 931 660 961 955 853 868 831 
979 773 639 818 546 728 536 587 606 723 
909 932 996 694 592 584 810 815 975 712 
551 751 942 642 932 659 780 644 807 769 
787 591 852 840 847 692 860 944 687 808 
952 758 741 696 530 812 629 916 836 535 
918 744 622 569 863 949 555 997 730 764 
814 728 736 535 578 813 999 515 708 973 

611 718 844 611 608 899 683 512 586 765 
895 890 848 701 899 689 880 961 739 635 
514 589 733 748 848 534 503 545 757 642 
958 513 897 886 601 844 678 734 503 808 
748 941 504 528 675 587 545 887 790 501 
843 981 997 582 998 753 700 504 835 642 
602 704 568 749 536 705 727 696 900 749 
711 625 732 626 997 701 618 976 640 983 
850 942 835 520 678 988 737 684 916 980 
809 621 517 678 826 665 994 689 928 524 

644 766 894 783 943 988 530 598 823 984 
573 637 626 813 862 780 965 978 961 810 
609 939 577 643 698 643 513 513 864 997 
540 617 969 968 608 527 696 660 511 868 
788 746 827 838 771 533 964 859 807 508 
906 954 933 822 833 549 869 698 529 889 
799 527 702 787 913 573 585 612 549 939 
741 819 609 504 963 930 533 696 686 634 
644 651 617 515 759 986 680 675 957 791 
595 509 876 546 845 790 693 525 704 504 

529 678 697 883 650 989 576 705 920 539 
777 606 803 861 876 599 855 927 595 960 
993 816 820 555 637 607 662 918 595 693 
955 822 558 617 890 950 602 886 907 883 
699 506 659 586 706 612 529 614 763 740 
617 609 703 665 599 703 580 639 930 854 
653 627 687 602 911 850 650 734 640 739 
673 940 508 782 532 897 906 686 627 658 
525 802 922 890 620 764 770 618 868 755 
731 525 896 861 772 997 641 934 704 685 

612 855 774 503 749 814 919 834 814 905 
636 615 572 620 913 713 673 959 733 562 
923 948 831 770 729 716 670 570 741 666 
520 874 641 891 904 610 577 792 904 810 
769 897 766 612 941 782 631 677 852 917 
922 686 598 860 653 922 843 604 693 656 
688 932 607 504 987 772 901 778 524 649 
512 980 684 922 985 553 876 882 812 885 
594 922 569 984 815 895 643 934 918 917 
981 858 870 971 716 619 982 534 648 629 

595 522 659 688 958 579 846 645 777 919 
711 568 981 949 762 900 912 708 512 734 
778 791 829 740 581 956 927 856 659 770 
900 799 805 979 712 528 654 937 785 601 
954 640 755 951 557 762 722 930 978 806 
851 980 819 724 508 912 873 891 560 923 
917 760 609 713 977 745 940 674 967 792 
735 764 664 871 548 834 524 910 890 666 
814 581 873 667 935 999 734 708 572 971 
612 597 814 972 912 641 563 665 953 892 

721 520 555 804 804 735 791 999 824 797 
602 755 587 963 570 797 537 618 788 797 
784 809 502 546 802 944 764 831 698 957 
688 807 924 975 982 941 625 975 704 615 
809 952 916 796 845 541 588 505 864 988 
624 846 774 910 517 606 828 839 748 912 
602 587 669 621 864 933 653 982 547 894 
861 875 729 748 937 938 765 938 935 598 
741 542 899 671 926 696 951 561 788 738 
665 959 719 886 794 760 802 568 858 770 

888 750 859 738 991 723 611 896 629 731 
502 860 603 553 559 970 700 740 583 593 
988 706 565 515 578 718 561 584 734 756 
884 998 959 899 913 807 761 975 661 783 
566 511 834 797 807 545 556 845 882 951 
698 619 560 630 724 632 917 706 844 521 
869 812 533 658 773 948 688 501 753 688 
519 530 777 674 935 681 895 629 970 848 
656 936 565 725 913 907 946 752 559 735 
603 537 980 836 598 678 717 577 852 565 

628 627 660 865 720 589 653 968 684 644 
612 522 996 877 999 696 525 826 847 806 
803 881 702 674 670 605 504 877 970 631 
603 884 714 545 796 853 923 815 615 703 
727 618 536 644 920 738 946 933 709 777 
634 850 518 709 744 970 905 507 638 817 
807 794 994 565 825 574 906 856 707 748 
982 683 981 857 515 832 951 924 950 777 
662 852 852 858 575 514 934 675 999 783 
630 623 791 692 792 860 851 589 668 954 

968 835 825 837 764 647 920 766 871 522 
968 546 512 738 827 688 622 688 684 757 
799 978 934 837 955 956 633 940 995 976 
766 545 911 781 749 848 544 514 693 707 
892 948 556 634 909 759 520 502 595 916 
894 511 779 782 761 863 514 578 910 820 
916 537 832 821 897 922 552 665 609 674 
531 866 725 863 696 624 657 824 979 838 
974 513 646 733 825 654 546 766 632 763 
658 940 524 513 503 996 896 863 679 929 
