10 10
28 3 1 423 121 1 323 5 93 2
5 283 496 22 1 10 2 1 1 179
330 10 1 1 450 1 1 2 1 203
536 223 44 1 1 130 3 1 60 1
1 333 20 172 3 396 1 13 60 1
1 110 1 1 1 5 221 259 1 400
1 1 1 79 4 447 350 1 111 5
1 1 118 294 344 1 19 58 160 4
1 34 313 1 1 1 1 1 443 204
96 2 5 6 74 8 79 659 70 1

925 542 723 857 973 796 515 587 502 747 
806 707 511 809 665 532 927 532 577 542 
971 607 782 915 897 577 705 783 761 919 
699 508 760 634 720 966 566 857 521 544 
577 792 760 589 780 955 822 950 838 849 
572 898 621 534 871 648 983 807 912 591 
583 776 568 793 612 717 576 921 912 747 
733 675 751 917 621 870 585 755 604 772 
965 761 953 767 962 886 694 872 697 705 
664 978 923 815 605 582 870 997 714 728 

805 984 802 597 578 717 950 973 857 805 
722 989 619 526 597 855 596 622 825 900 
804 876 583 815 926 728 763 591 968 854 
971 995 536 753 766 508 768 946 546 546 
537 836 608 768 578 897 951 552 664 565 
549 774 615 824 525 939 863 678 876 530 
880 919 569 569 651 919 931 824 582 887 
552 564 815 784 780 689 662 785 791 966 
756 882 671 915 673 947 530 546 850 830 
619 606 856 596 835 739 631 548 715 951 

926 977 937 928 573 525 573 535 539 656 
741 982 575 532 799 995 739 866 592 583 
589 962 900 507 942 860 985 555 749 764 
527 941 840 630 906 805 537 523 874 609 
855 943 696 755 621 884 955 958 920 945 
505 564 915 890 654 729 715 565 581 665 
695 817 648 889 691 628 533 796 808 729 
874 591 826 726 503 710 657 961 961 835 
944 885 938 714 618 678 571 724 991 635 
513 646 899 737 571 943 826 718 628 895 

714 860 734 813 864 955 676 674 558 837 
566 912 827 883 989 514 831 713 714 968 
819 945 700 574 601 845 665 951 502 764 
550 695 688 835 678 973 610 867 801 741 
682 541 564 517 823 859 958 605 903 615 
562 581 987 745 981 687 711 723 886 837 
676 721 600 832 941 661 666 636 687 758 
787 528 826 929 732 824 914 887 529 818 
710 637 895 888 971 901 773 807 743 920 
747 521 862 612 675 603 592 538 785 910 

907 915 744 599 931 704 758 793 840 564 
616 831 958 808 904 611 806 520 855 937 
914 637 968 546 951 867 966 977 924 664 
953 566 960 861 615 503 859 519 926 999 
770 886 732 674 765 794 950 896 763 743 
641 913 708 723 768 621 508 639 670 610 
812 764 784 894 983 512 981 717 857 939 
872 533 668 850 705 937 785 916 665 581 
701 550 811 927 935 567 506 985 958 827 
551 596 949 547 852 897 880 964 826 994 

560 749 853 519 786 830 707 873 528 944 
844 502 580 891 692 825 585 848 559 882 
795 531 858 782 860 521 705 766 964 634 
563 753 799 647 588 637 705 934 767 705 
507 696 614 559 512 841 792 531 649 552 
596 544 890 709 697 765 711 762 561 874 
709 987 618 752 638 964 755 739 522 991 
980 568 687 836 633 535 967 647 641 961 
640 730 513 724 999 998 934 726 725 716 
789 996 537 523 690 888 900 820 876 725 

609 978 712 541 959 648 528 699 504 756 
519 896 802 668 727 983 526 514 876 587 
627 746 969 639 982 594 790 519 916 851 
836 893 709 971 952 906 640 966 805 980 
549 608 710 681 989 537 820 671 979 971 
808 631 529 585 953 883 890 959 876 795 
741 630 581 692 934 794 569 918 596 902 
802 777 890 716 662 817 551 854 594 850 
558 899 871 645 600 728 662 800 914 875 
893 980 981 969 712 714 566 681 587 819 

988 896 786 765 570 558 570 643 816 652 
890 592 761 763 589 890 752 522 611 730 
519 566 886 556 929 882 876 681 553 821 
612 795 973 722 711 711 703 738 922 550 
679 760 744 985 652 924 783 601 665 652 
562 703 728 707 578 699 877 774 791 750 
974 738 666 731 781 766 924 846 724 711 
528 634 665 630 797 859 808 590 792 616 
611 898 708 644 890 944 538 763 501 846 
737 693 773 689 575 765 616 534 637 691 

890 840 684 536 664 646 544 863 791 930 
744 971 580 770 565 981 773 632 970 949 
722 831 659 849 813 958 877 854 951 729 
684 987 681 755 759 801 615 719 564 862 
957 881 566 612 874 854 846 662 551 815 
933 919 543 968 785 852 692 771 925 594 
827 982 817 684 651 803 706 718 595 838 
638 927 640 926 535 819 599 734 551 885 
928 692 924 930 905 832 978 931 872 838 
698 710 975 640 663 587 621 516 643 594 

632 990 724 704 763 615 643 683 915 520 
991 746 948 624 568 928 751 940 985 646 
744 672 551 840 674 961 760 834 654 663 
552 905 802 795 837 733 590 796 985 845 
759 516 988 560 628 879 630 813 812 606 
611 755 907 688 748 623 762 994 817 735 
952 837 844 710 609 985 926 779 902 602 
780 790 912 516 819 764 606 783 518 510 
659 998 656 867 822 920 576 747 959 770 
933 588 583 532 924 882 831 870 850 639 
