10 10
1 488 1 98 2 1 1 386 1 21
15 1 2 70 566 53 3 1 273 16
1 1 615 1 1 3 123 249 1 5
1 292 91 1 8 427 4 5 3 168
3 2 71 1 43 5 1 301 58 515
336 2 1 4 2 384 2 1 25 243
3 1 1 1 284 1 179 11 518 1
534 93 27 134 78 13 2 1 117 1
102 114 155 272 1 1 310 13 3 29
4 6 36 418 15 112 375 32 1 1

470 225 100 253 320 410 239 147 409 69 
289 470 29 438 273 48 65 255 481 205 
27 74 16 301 236 173 142 175 23 380 
147 115 23 425 213 53 182 242 204 497 
48 125 348 278 381 179 90 489 172 313 
418 342 79 199 363 369 213 439 383 18 
468 93 422 319 406 349 235 119 232 250 
368 209 473 92 239 74 172 216 99 294 
353 103 58 366 70 467 69 198 28 34 
247 264 357 130 203 83 114 193 161 72 

17 435 184 227 397 57 234 110 427 52 
448 210 146 254 270 225 99 99 55 121 
228 177 242 272 294 35 254 321 381 403 
93 73 228 3 343 386 390 365 40 305 
319 91 51 261 258 263 28 265 329 383 
284 139 22 129 248 432 143 330 454 318 
307 403 55 246 204 127 276 337 415 75 
392 60 358 375 342 111 389 456 341 37 
168 491 197 275 299 380 430 79 286 20 
342 159 48 371 455 205 124 290 108 344 

295 357 341 133 278 168 93 185 274 349 
157 156 82 470 223 285 274 409 432 234 
344 400 444 247 323 57 310 160 348 480 
410 198 250 391 280 494 192 374 49 337 
413 407 461 292 108 473 461 325 34 410 
354 29 61 126 179 465 228 77 342 149 
288 371 232 302 422 317 116 283 229 137 
403 336 339 371 238 63 125 76 421 454 
301 35 186 470 220 349 77 265 72 430 
180 461 144 123 483 427 71 404 246 59 

288 261 186 490 94 71 332 209 290 102 
127 261 343 84 94 179 189 203 288 211 
4 8 266 193 84 200 40 22 137 350 
16 445 130 83 27 342 438 85 78 240 
334 338 411 290 380 73 37 334 105 237 
104 443 71 472 72 414 381 439 329 66 
56 476 93 442 55 467 28 156 235 486 
255 253 439 320 430 70 393 465 119 410 
309 128 364 365 347 56 50 463 155 439 
498 35 44 202 100 228 496 49 357 258 

397 9 250 335 234 273 468 345 41 164 
122 331 257 414 324 472 227 241 349 35 
178 492 333 33 320 219 36 25 51 490 
287 321 268 344 236 440 110 68 26 201 
20 246 370 233 494 328 356 123 152 152 
276 199 273 437 270 229 460 189 452 33 
181 216 20 496 144 266 148 438 455 375 
450 439 111 153 307 52 235 74 77 210 
87 126 63 113 141 240 235 191 412 9 
405 118 201 55 247 62 302 162 48 21 

409 141 10 412 155 424 39 303 49 355 
405 246 150 101 197 158 378 428 497 332 
278 421 450 396 419 250 187 396 277 342 
205 51 200 370 289 274 386 4 384 356 
258 110 1 195 420 307 343 283 493 192 
400 498 420 395 389 336 96 66 5 420 
72 167 367 367 452 183 297 151 267 87 
41 202 169 336 466 185 471 55 74 72 
473 211 220 346 48 155 318 42 89 300 
161 12 455 269 144 222 170 455 476 20 

334 290 17 193 456 128 291 189 71 53 
494 222 344 450 383 488 451 93 423 35 
303 361 20 195 141 109 239 158 286 380 
469 61 364 13 395 57 134 311 364 289 
237 315 242 169 211 73 489 87 361 210 
78 195 281 187 161 118 252 458 424 293 
458 385 247 464 292 230 302 164 488 40 
190 7 91 400 105 330 11 178 440 352 
289 348 151 82 316 432 472 483 246 353 
62 386 427 413 109 60 173 41 458 322 

402 75 443 161 91 333 401 68 442 449 
355 164 442 476 356 50 53 211 403 12 
220 298 354 348 391 134 41 163 67 367 
277 99 249 258 228 388 220 349 188 468 
188 443 16 251 237 233 412 339 474 129 
148 185 277 56 72 484 229 211 211 276 
393 176 210 493 116 304 137 30 183 388 
403 407 241 75 137 201 7 56 82 233 
160 349 341 136 264 456 18 496 431 3 
388 418 247 126 323 354 245 130 396 80 

215 128 446 283 413 82 370 341 151 187 
284 120 72 441 332 324 51 401 301 339 
85 385 478 201 232 127 348 87 230 20 
191 470 481 439 299 203 397 361 423 142 
295 236 306 319 411 69 13 115 59 18 
233 470 206 7 72 207 393 33 446 459 
10 281 184 39 276 383 240 240 307 385 
399 464 191 439 375 354 19 243 69 146 
226 142 47 46 397 153 301 402 420 183 
150 238 253 47 162 418 368 355 365 350 

5 459 31 313 46 401 212 307 495 72 
161 67 234 302 478 93 224 132 336 137 
254 440 495 304 442 413 39 449 408 62 
325 414 417 123 408 316 51 166 367 366 
98 403 148 357 110 181 128 494 63 272 
223 227 71 73 53 196 196 276 302 444 
175 404 72 329 283 305 466 217 95 208 
54 9 357 163 397 51 200 290 252 130 
94 174 215 150 362 31 85 239 317 65 
480 226 334 406 113 13 172 380 325 341 
