10 10
4 155 1 3 262 162 3 6 5 399
141 130 1 1 47 126 184 355 14 1
294 32 104 298 1 1 39 5 1 225
5 324 3 126 43 1 177 2 26 293
63 94 300 62 4 9 218 2 247 1
7 1 452 1 251 24 261 1 1 1
1 1 127 1 5 165 3 1 695 1
1 151 1 473 177 65 1 56 6 69
64 111 10 11 1 446 1 346 1 9
420 1 1 24 209 1 113 226 4 1

442 461 98 431 232 204 356 37 322 450 
84 100 333 150 75 116 74 133 474 223 
157 332 489 388 228 316 390 16 32 242 
45 191 293 463 253 37 400 423 374 12 
120 181 373 425 62 177 235 397 191 66 
162 302 419 321 100 99 398 44 171 91 
66 377 163 25 161 420 279 243 434 211 
306 199 269 171 120 371 28 87 165 447 
93 429 491 322 49 177 218 295 8 420 
100 273 125 428 303 35 381 104 377 202 

221 318 322 350 161 222 24 302 450 184 
6 260 227 214 399 410 213 429 257 371 
449 170 87 247 273 418 55 117 80 140 
443 472 245 443 134 311 134 128 331 80 
8 147 136 373 288 43 198 4 390 370 
420 44 320 484 442 183 162 192 493 96 
196 339 90 362 194 51 215 242 174 194 
66 13 184 429 378 340 235 4 55 360 
314 410 108 410 141 474 95 356 329 63 
19 145 464 174 381 69 179 27 125 372 

389 119 288 229 264 92 307 20 330 334 
423 369 212 210 345 201 260 455 133 174 
47 6 150 276 345 229 198 79 18 477 
163 67 432 274 479 62 487 176 26 130 
46 217 315 275 454 202 211 68 153 25 
234 397 460 95 59 150 109 428 255 219 
453 309 374 241 425 357 108 318 489 329 
209 399 296 166 181 450 465 384 38 252 
271 254 484 321 458 22 178 117 349 388 
200 272 458 407 368 309 216 50 80 35 

446 435 102 256 186 256 491 17 114 312 
310 366 456 482 75 415 276 361 314 314 
53 363 208 366 209 364 42 223 348 246 
84 10 49 304 103 263 398 73 59 474 
123 294 269 41 408 307 47 334 397 485 
2 10 463 329 17 451 227 5 471 157 
293 354 216 293 253 314 346 287 50 325 
477 337 83 71 35 112 456 412 451 168 
418 28 125 408 287 455 203 55 226 241 
107 45 259 454 429 312 479 46 140 281 

26 383 85 256 207 374 480 365 146 56 
425 439 462 58 132 198 179 28 277 307 
50 427 360 237 355 390 199 134 316 447 
387 390 407 323 102 486 415 248 305 374 
462 338 229 410 51 97 391 242 131 57 
443 37 154 103 139 189 144 211 180 449 
110 49 90 286 319 291 8 435 319 185 
299 473 76 175 89 358 357 453 295 101 
169 136 165 244 316 93 404 226 464 174 
105 75 427 474 396 378 166 77 109 366 

103 293 188 157 403 118 415 106 164 466 
243 252 379 483 86 237 168 231 123 321 
101 462 342 448 2 93 252 427 404 248 
94 406 196 85 445 434 227 255 323 94 
304 464 96 223 332 81 211 333 363 339 
270 271 264 125 272 36 179 377 14 328 
151 144 349 402 177 444 416 67 315 364 
366 61 74 127 295 467 382 201 245 494 
364 157 257 296 262 117 359 20 167 81 
336 452 97 455 217 108 110 79 335 221 

104 313 478 496 141 196 87 94 346 39 
114 358 419 244 178 216 23 449 470 264 
162 307 187 253 418 447 81 302 226 386 
30 304 282 66 340 28 80 367 332 149 
208 48 84 38 364 226 400 201 139 471 
211 9 491 152 437 230 346 47 341 20 
434 315 327 190 463 427 163 157 39 313 
106 9 424 376 379 482 273 37 433 52 
417 480 273 85 48 327 119 495 205 199 
448 121 370 377 119 214 3 150 267 152 

155 471 243 375 491 30 277 335 244 14 
462 31 431 404 35 122 460 194 23 197 
105 3 239 252 186 279 366 228 105 39 
339 360 378 15 235 26 147 316 212 208 
165 418 327 417 157 108 435 248 345 161 
356 267 436 156 266 232 360 202 244 303 
12 481 4 486 344 371 155 480 136 313 
270 252 98 225 72 483 305 102 130 252 
95 384 372 65 459 123 142 20 223 40 
2 486 401 344 480 57 333 474 493 8 

409 274 35 263 310 50 2 60 403 448 
448 278 365 126 40 161 324 37 419 154 
248 330 26 406 223 92 93 177 381 429 
130 340 452 214 486 362 214 101 97 236 
327 403 324 299 201 245 45 421 180 451 
475 304 494 462 344 32 267 93 277 37 
34 155 207 426 203 175 2 455 411 58 
405 86 334 259 369 4 448 235 483 363 
491 448 15 304 442 143 316 414 476 175 
195 117 376 57 203 336 372 135 363 284 

268 47 486 404 170 7 126 148 177 438 
200 303 367 4 393 96 479 293 417 210 
490 305 429 218 68 291 37 484 230 472 
216 343 57 4 359 394 55 120 67 186 
289 399 272 25 146 472 260 494 464 327 
211 63 18 365 23 335 180 475 216 296 
365 4 212 438 136 250 350 18 156 191 
25 238 376 348 289 73 13 374 159 98 
11 294 387 293 219 433 99 338 186 263 
101 465 201 264 447 281 232 134 197 278 
