10 10
1 2 398 348 1 1 4 1 5 239
1 229 15 1 1 282 3 215 3 250
474 260 154 81 1 1 1 5 1 22
436 2 234 11 55 1 258 1 1 1
25 173 1 550 1 1 241 2 5 1
1 322 80 3 36 1 280 275 1 1
1 5 1 3 54 82 1 397 209 247
58 1 1 1 366 502 7 9 1 54
1 3 111 1 463 25 83 14 115 184
2 3 5 1 22 104 122 81 659 1

318 211 118 366 56 427 66 318 41 144 
48 365 365 197 148 85 257 398 179 382 
234 67 342 30 74 68 402 80 392 171 
207 314 443 61 477 167 499 264 359 419 
319 338 218 255 359 50 219 16 10 458 
433 303 368 301 361 35 23 291 466 465 
92 344 251 394 477 186 40 30 286 127 
484 194 281 159 425 314 399 206 161 262 
87 258 225 401 387 471 122 379 417 288 
245 421 368 229 361 321 55 266 185 185 

26 214 262 115 402 184 479 330 295 495 
398 411 432 424 32 99 177 260 263 1 
383 107 363 491 192 145 71 98 448 116 
263 212 498 249 449 191 396 499 161 425 
250 320 383 402 75 320 301 491 34 276 
206 191 100 19 357 381 282 366 32 386 
481 433 113 373 214 355 367 381 45 237 
462 339 70 384 279 398 159 201 405 375 
43 3 334 163 44 435 218 49 372 222 
292 399 300 494 304 497 495 130 228 370 

101 94 255 423 164 104 76 134 157 79 
26 383 293 20 319 225 374 40 164 419 
216 195 408 311 271 32 447 61 467 253 
344 493 437 177 263 280 398 419 471 420 
372 98 6 340 41 213 189 463 277 28 
212 310 267 436 118 32 100 151 107 335 
168 217 282 74 69 389 386 242 240 117 
250 458 491 110 183 176 7 443 276 82 
434 267 402 223 494 120 224 182 387 411 
394 192 472 73 318 486 97 78 156 350 

454 372 413 28 159 57 241 236 460 57 
4 61 68 449 156 363 338 173 70 422 
157 412 221 30 328 372 402 433 115 103 
43 103 38 366 381 237 96 265 342 345 
3 319 147 298 214 357 66 485 334 129 
338 101 375 327 52 208 49 298 196 456 
326 499 209 140 103 95 188 462 163 454 
207 307 428 409 332 184 407 20 332 127 
220 235 251 161 133 230 208 126 16 81 
455 134 360 469 137 157 159 56 68 337 

481 449 268 145 136 63 102 414 130 230 
318 262 185 87 398 159 92 154 33 302 
111 459 474 64 461 376 61 435 168 495 
92 101 211 412 257 282 224 84 53 361 
103 216 373 97 60 175 383 82 184 404 
235 261 431 122 406 34 14 193 79 351 
302 286 253 49 67 208 422 365 165 396 
470 295 340 349 256 34 364 218 384 417 
2 295 61 76 189 197 254 164 420 374 
414 355 375 225 229 268 36 303 398 377 

321 157 414 328 403 463 271 171 135 110 
26 319 476 373 444 301 142 416 324 186 
235 284 157 68 242 39 24 477 497 251 
88 385 321 257 371 342 467 303 80 261 
411 30 135 98 253 252 171 122 258 151 
387 381 110 87 249 448 483 237 378 243 
9 442 352 428 411 350 78 288 290 418 
30 130 338 170 71 42 104 311 47 470 
66 127 93 414 237 211 208 106 476 9 
17 427 207 45 413 184 493 266 339 192 

429 251 250 156 447 258 114 77 246 23 
123 14 276 174 249 110 176 434 79 177 
151 167 233 35 396 365 84 373 70 182 
139 26 254 250 69 135 243 215 219 241 
154 176 278 228 229 368 276 192 292 491 
342 147 370 315 430 203 209 241 320 214 
56 213 286 339 426 251 455 128 216 427 
194 374 252 275 269 114 309 69 344 308 
497 134 330 269 318 234 312 166 407 345 
33 122 278 77 158 123 325 303 478 136 

52 491 353 123 405 468 102 490 30 407 
81 243 179 210 356 41 207 165 484 185 
119 180 307 409 494 345 338 333 141 244 
73 108 439 144 174 405 193 197 127 254 
61 263 475 475 496 74 279 241 296 68 
30 254 354 407 98 83 140 119 129 15 
83 315 484 158 255 209 3 437 69 152 
398 252 414 66 241 278 175 38 286 159 
379 494 76 304 156 423 162 380 318 135 
74 440 487 84 179 188 211 434 209 217 

253 237 266 51 128 35 463 95 489 442 
231 307 84 99 406 404 343 323 365 335 
264 101 322 302 183 68 432 343 263 36 
469 131 188 357 477 457 396 245 94 194 
17 223 12 267 193 197 429 261 304 265 
129 79 38 162 451 165 412 350 61 129 
306 14 383 2 382 37 6 153 217 91 
37 386 41 271 118 70 227 300 24 305 
121 306 78 40 121 296 40 435 313 432 
86 419 452 165 322 17 235 480 353 375 

442 29 468 22 463 382 353 317 350 92 
21 398 97 253 411 301 2 476 392 332 
422 152 252 48 443 184 283 479 270 182 
437 368 37 53 448 35 70 109 441 391 
383 378 6 404 400 214 316 416 243 166 
405 108 99 417 82 286 195 419 364 60 
232 176 383 153 287 433 379 188 300 395 
116 37 146 402 376 292 300 385 274 427 
34 232 29 203 493 266 74 66 1 359 
282 115 423 319 205 298 241 446 109 461 
