10 10
1 1 3 566 1 1 1 3 385 38
4 1 6 1 315 1 136 1 198 337
314 1 1 311 1 3 31 4 2 332
32 115 4 1 92 199 3 488 65 1
2 240 158 1 1 174 197 150 76 1
1 3 84 1 2 136 615 1 156 1
14 2 699 104 156 1 1 1 20 2
222 350 41 9 43 1 1 237 95 1
64 5 3 2 124 483 1 30 2 286
346 282 1 4 265 1 14 85 1 1

622 959 564 527 955 887 540 758 587 527 
995 974 505 974 942 913 951 772 831 520 
843 660 854 824 862 845 841 626 624 948 
587 636 782 601 794 630 935 853 526 841 
993 696 805 922 716 559 816 933 736 998 
607 717 577 602 822 938 586 736 598 825 
602 949 962 831 622 774 844 764 694 702 
964 772 667 731 775 898 693 757 544 912 
676 833 869 945 726 935 507 858 725 812 
682 916 749 696 564 571 908 818 744 886 

632 779 844 892 990 657 908 590 851 881 
895 799 951 587 957 850 979 723 608 687 
970 844 897 956 854 994 765 610 644 668 
861 996 858 982 940 502 562 883 770 771 
566 674 722 624 877 750 512 639 593 951 
931 666 920 898 640 899 510 658 547 548 
850 602 815 995 620 623 948 735 899 856 
986 544 919 660 609 910 569 546 804 559 
754 528 996 820 787 549 783 869 510 948 
896 807 836 889 628 566 978 947 773 784 

667 695 724 915 517 616 529 546 927 592 
847 970 508 914 983 692 808 641 795 793 
781 767 821 763 532 690 811 691 914 818 
571 979 679 571 770 601 860 635 710 903 
610 668 651 896 666 868 681 960 626 882 
827 871 740 816 541 648 673 735 859 691 
794 665 707 722 552 952 954 550 994 758 
818 609 977 930 987 515 588 558 819 718 
848 504 925 675 522 956 821 820 788 996 
640 630 924 707 544 910 849 620 558 945 

877 637 966 629 849 607 512 796 827 501 
562 641 549 836 610 974 625 703 771 717 
544 880 745 962 694 571 624 823 950 632 
915 725 849 704 763 569 589 950 850 680 
756 869 913 618 864 757 959 865 549 554 
899 731 924 997 934 564 905 704 508 967 
814 728 592 800 675 891 906 559 602 828 
611 653 899 532 826 865 903 906 974 897 
659 631 616 809 982 996 955 819 958 554 
756 817 880 546 531 674 884 804 985 544 

955 888 793 760 512 708 567 564 607 541 
502 627 660 934 687 853 663 953 596 936 
569 717 661 575 829 724 846 629 766 852 
986 556 684 821 955 855 953 875 925 568 
568 771 537 933 922 509 871 801 999 747 
515 702 581 716 652 930 881 792 779 846 
801 936 600 550 655 915 630 537 552 582 
838 837 856 762 889 789 765 876 618 821 
898 635 758 814 737 804 703 519 605 820 
823 953 769 506 639 614 823 928 964 762 

927 782 542 916 984 557 772 520 591 739 
533 931 801 995 556 559 929 533 947 565 
726 526 992 788 988 922 953 750 913 809 
927 891 545 532 908 734 879 876 917 895 
575 923 916 951 745 550 593 644 769 584 
955 547 897 552 995 857 678 621 758 823 
688 975 699 549 563 945 982 892 768 928 
531 542 711 715 846 786 890 806 699 722 
900 983 699 636 640 823 908 805 521 854 
888 707 812 811 841 502 898 724 834 585 

865 933 887 568 582 670 650 522 782 527 
974 586 590 623 940 854 964 646 774 765 
875 772 877 903 825 951 908 705 848 857 
746 703 617 601 598 744 722 868 987 591 
524 620 777 993 833 879 504 723 708 972 
529 583 524 885 703 691 782 697 745 916 
935 926 899 970 557 654 939 820 798 569 
675 904 896 759 905 865 996 566 576 568 
972 977 984 995 960 926 909 999 683 807 
811 907 973 590 924 740 672 854 756 646 

631 618 972 829 864 830 997 883 532 668 
538 918 549 967 903 928 767 884 521 799 
967 775 797 795 737 778 960 667 814 975 
752 576 929 725 884 697 695 944 666 985 
738 632 861 820 795 848 908 955 550 984 
621 936 859 577 730 646 667 931 559 961 
537 665 844 658 935 779 507 507 552 521 
799 618 830 975 927 509 649 576 929 964 
584 849 801 729 723 995 743 522 971 914 
990 914 520 874 971 877 944 679 983 920 

522 768 623 954 897 782 890 984 989 644 
768 896 687 920 646 608 997 704 690 582 
600 707 631 716 745 916 893 537 959 661 
641 586 991 897 825 768 731 720 912 790 
633 552 954 953 732 504 934 619 770 557 
615 991 679 752 753 805 808 905 744 858 
963 524 898 800 942 960 685 981 947 840 
998 835 671 501 774 978 677 988 664 778 
903 763 914 544 897 918 663 617 903 790 
721 606 541 986 572 965 553 525 625 828 

731 856 721 963 580 712 730 649 948 518 
954 653 654 541 834 791 691 570 536 659 
925 864 886 952 743 968 590 521 882 841 
683 949 644 503 844 580 632 536 819 719 
680 766 722 628 630 924 875 709 865 748 
800 818 574 815 787 779 550 868 590 521 
739 677 803 899 558 734 966 816 540 709 
736 924 947 665 719 819 809 994 633 581 
743 847 793 540 505 635 991 637 818 673 
843 905 692 926 784 595 772 989 526 945 
