10 10
185 282 20 1 6 283 14 3 5 201
2 1 3 3 1 2 596 12 324 56
86 3 13 45 1 573 88 5 1 185
6 55 490 9 178 19 1 1 1 240
320 1 2 1 667 4 1 1 2 1
21 2 458 100 92 41 1 101 183 1
234 2 2 1 1 1 2 419 332 6
132 55 6 161 1 1 195 137 4 308
13 586 5 3 52 1 101 91 147 1
1 13 1 676 1 75 1 230 1 1

938 559 869 535 608 741 840 610 951 573 
879 952 770 871 677 520 806 776 800 963 
682 746 705 820 980 814 577 507 898 631 
625 809 700 929 579 559 933 687 959 733 
671 578 538 616 826 620 810 779 554 995 
986 916 586 511 880 976 571 897 748 570 
893 749 706 511 951 903 673 666 574 866 
633 929 921 723 686 820 653 605 677 791 
685 747 853 654 999 842 873 930 970 673 
665 604 926 808 531 570 879 535 650 838 

558 863 691 736 507 734 821 941 975 902 
678 910 693 743 956 602 811 649 739 847 
538 512 896 776 891 709 798 754 763 546 
674 946 774 803 604 926 879 867 638 877 
631 707 559 867 822 689 821 632 589 705 
735 907 933 703 846 674 551 665 722 805 
821 944 812 595 604 980 523 867 842 542 
670 661 980 790 727 610 742 699 812 677 
995 856 622 925 893 558 836 772 729 754 
583 530 596 793 632 907 660 536 773 766 

982 794 898 754 968 986 668 922 989 915 
672 931 626 582 506 530 641 541 764 774 
553 968 748 700 891 779 841 741 993 586 
674 701 925 701 543 723 822 835 793 796 
628 652 843 726 584 979 518 604 528 972 
614 604 605 521 598 604 913 904 790 737 
806 774 987 593 939 546 516 614 994 608 
870 692 897 926 834 941 816 973 976 524 
617 976 851 650 777 644 565 611 535 756 
817 960 761 898 994 977 948 588 844 684 

702 666 744 868 904 897 838 510 722 831 
590 542 900 872 775 779 986 919 994 617 
502 594 861 868 634 681 966 850 649 794 
723 598 988 592 524 741 921 698 566 861 
815 941 600 838 802 683 564 518 659 746 
919 538 962 847 774 917 880 908 622 680 
963 967 884 860 746 945 577 521 550 799 
649 713 521 672 962 719 750 915 935 501 
896 733 567 705 798 794 584 941 656 904 
829 763 601 784 818 871 793 877 712 900 

902 951 869 972 652 653 791 845 845 505 
824 922 705 687 871 923 862 659 689 980 
974 849 903 977 749 769 943 827 593 524 
509 538 926 582 534 757 709 577 985 589 
891 626 756 978 561 702 746 807 829 985 
867 849 921 585 585 738 829 529 952 745 
810 564 943 979 574 977 696 531 582 694 
999 524 893 533 577 601 894 747 678 822 
725 589 676 890 867 880 934 873 872 966 
589 966 694 646 706 667 571 815 834 826 

780 919 891 868 541 978 859 699 532 810 
531 822 998 801 754 795 807 964 770 887 
633 600 673 988 805 915 518 856 773 694 
982 965 728 810 552 830 704 964 739 818 
806 689 644 838 977 993 575 854 865 812 
657 930 537 946 723 641 732 751 747 955 
604 956 604 539 554 569 610 852 943 633 
719 944 811 643 656 859 552 937 888 929 
881 893 780 992 630 542 945 955 991 874 
948 561 894 520 554 898 976 738 871 781 

690 747 536 595 820 893 864 991 785 567 
905 549 661 529 620 932 583 591 687 606 
826 921 939 719 887 845 507 861 539 546 
871 782 772 760 854 684 795 549 652 998 
737 681 642 682 685 577 696 583 895 766 
837 927 506 966 529 905 724 608 681 724 
888 945 816 522 538 725 896 568 589 948 
829 609 712 900 855 683 851 596 957 886 
504 744 789 663 575 593 829 843 900 700 
844 722 961 995 604 635 760 839 854 841 

935 534 933 847 528 805 804 511 899 724 
795 539 691 673 508 755 507 874 597 535 
525 702 993 817 603 721 852 933 756 592 
740 511 629 787 859 550 595 932 780 578 
568 728 933 774 671 941 854 827 581 509 
772 834 901 640 624 578 623 575 920 824 
664 533 890 709 845 821 847 849 637 871 
939 884 850 717 682 948 604 711 778 878 
805 810 955 521 899 886 650 919 911 900 
808 950 763 784 838 901 924 957 677 774 

838 734 987 943 565 512 832 790 966 516 
791 691 879 683 881 613 957 865 915 734 
990 570 946 647 960 517 870 615 713 670 
928 588 893 837 806 537 605 638 884 847 
790 516 703 905 594 888 739 715 830 723 
922 635 708 585 976 606 977 966 830 833 
822 667 733 657 663 813 685 758 568 694 
874 575 807 817 522 950 692 666 922 914 
530 861 895 874 849 948 656 657 653 553 
613 937 760 763 569 740 745 743 749 728 

928 807 691 669 524 766 775 614 851 981 
885 718 609 644 503 608 545 832 946 985 
963 741 773 634 818 637 537 686 720 698 
710 971 562 686 922 686 971 919 799 846 
643 747 626 530 709 780 591 712 704 514 
847 837 527 718 919 523 700 537 853 995 
784 866 927 718 843 813 594 721 603 822 
716 964 912 955 722 512 855 755 683 581 
999 722 523 784 681 636 596 949 639 510 
647 724 962 590 829 716 644 535 985 540 
