10 10
69 458 1 142 15 2 98 45 169 1
175 1 464 1 1 14 232 1 1 110
3 66 120 290 3 15 60 435 1 7
1 7 35 1 2 365 1 4 318 266
1 117 1 172 28 41 438 28 173 1
18 1 26 13 195 1 1 412 4 329
367 1 2 378 134 54 1 2 1 60
364 22 9 1 13 1 161 47 328 54
1 2 277 1 9 506 7 25 1 171
1 325 65 1 600 1 1 1 4 1

414 267 447 166 366 166 50 37 439 231 
258 447 156 350 305 93 182 404 446 130 
472 454 439 359 172 352 493 458 73 11 
378 101 256 422 140 191 192 140 38 1 
196 373 102 322 242 368 197 162 400 347 
450 411 165 41 220 334 371 297 254 486 
2 415 288 133 472 11 3 242 349 123 
330 119 186 59 195 448 464 183 285 382 
41 77 285 373 219 120 83 389 238 227 
393 458 359 494 149 387 162 260 224 125 

246 489 228 412 103 195 481 276 165 417 
485 250 372 356 328 320 25 143 269 264 
373 497 337 486 9 380 48 83 63 381 
222 271 340 490 288 311 246 195 489 44 
461 304 438 88 333 355 372 170 168 75 
498 30 96 408 290 331 317 27 414 84 
445 476 466 45 148 347 27 395 407 198 
33 402 262 237 169 62 283 69 468 333 
355 126 409 466 398 335 109 29 134 477 
78 378 267 331 136 17 76 232 3 294 

311 339 17 149 232 303 128 320 92 92 
341 349 434 426 452 78 79 218 74 27 
241 397 203 172 469 262 332 456 377 252 
100 151 247 32 259 464 55 370 222 489 
407 395 236 39 339 145 155 77 428 352 
3 316 280 388 101 132 465 83 405 478 
184 215 131 102 234 92 254 418 181 377 
394 401 416 386 307 210 281 415 11 1 
462 308 390 354 226 377 103 239 200 253 
207 456 200 246 350 119 246 40 200 1 

390 323 337 237 186 73 497 79 373 64 
222 123 426 101 399 299 262 50 265 274 
499 8 291 44 281 67 338 300 380 86 
310 99 85 162 61 271 81 400 377 311 
438 483 319 106 217 221 428 173 205 491 
21 268 469 247 136 201 189 46 271 155 
73 404 434 306 21 347 25 102 444 23 
260 131 468 348 116 29 485 273 408 10 
186 325 88 299 387 201 493 121 23 199 
252 313 106 104 390 13 96 169 451 71 

144 318 181 61 173 93 441 143 45 221 
424 139 111 417 304 4 419 449 58 206 
218 222 66 251 250 402 472 288 136 116 
83 284 333 277 476 139 19 340 348 167 
31 103 445 321 235 217 402 185 172 367 
320 475 2 91 126 403 10 493 265 454 
141 21 418 254 92 23 251 209 262 353 
393 87 74 109 83 167 414 305 396 15 
141 375 101 392 469 62 418 16 441 338 
477 82 283 30 286 293 385 108 283 182 

128 189 306 359 448 60 223 185 44 163 
392 201 57 82 235 391 294 450 230 481 
325 66 361 465 30 257 330 377 62 116 
295 154 161 75 95 304 325 423 213 222 
128 7 331 430 183 369 116 135 83 425 
328 321 299 158 289 192 249 378 186 162 
214 322 182 201 142 397 186 405 152 159 
212 213 271 157 193 474 393 399 270 139 
495 305 72 268 32 224 222 328 26 157 
348 471 96 208 465 432 250 283 473 17 

337 159 460 449 318 150 268 499 230 218 
262 457 488 390 327 236 15 190 241 321 
365 81 419 320 361 423 14 394 208 302 
432 111 205 259 497 297 158 39 439 237 
16 165 483 259 225 299 96 190 31 294 
496 16 14 92 29 447 448 42 181 122 
467 62 205 220 239 90 299 189 345 170 
379 279 387 306 109 488 2 357 447 52 
123 286 127 185 96 373 463 160 75 1 
242 51 145 191 424 403 227 183 138 454 

379 381 42 392 215 49 52 250 427 195 
137 47 307 369 330 381 408 264 422 98 
47 45 201 140 432 122 481 21 53 353 
74 81 224 122 315 94 271 160 23 215 
188 142 29 441 183 318 311 477 270 420 
48 207 440 92 90 264 101 448 3 87 
30 145 96 31 413 299 432 212 337 488 
61 189 103 30 337 345 409 283 99 409 
398 324 74 66 123 317 4 411 317 201 
324 95 184 218 258 210 146 110 331 194 

179 230 286 173 433 98 235 208 330 419 
395 290 152 263 353 130 383 265 160 135 
187 119 164 174 27 218 341 495 452 230 
137 78 372 10 292 92 395 222 451 384 
294 184 266 446 52 69 248 189 467 195 
305 146 217 373 192 123 366 179 215 89 
110 476 459 183 309 394 50 195 224 120 
257 72 295 425 248 367 411 329 183 263 
148 113 229 192 289 137 392 446 125 95 
435 2 28 81 376 469 216 141 112 392 

470 469 338 104 202 421 323 323 199 483 
189 285 152 112 76 474 184 313 323 53 
248 284 392 487 116 125 230 379 34 13 
416 192 203 121 284 11 14 196 453 304 
14 255 114 307 485 274 197 186 13 370 
203 1 62 462 110 276 185 175 80 214 
90 492 284 100 343 262 388 304 394 59 
181 119 377 313 427 50 281 261 222 149 
337 54 118 113 429 465 459 383 69 239 
378 338 28 498 45 148 150 300 239 427 
