10 10
32 161 82 52 210 8 31 63 343 18
3 4 1 1 19 2 135 515 37 283
138 117 1 281 1 3 64 1 393 1
9 31 525 1 17 1 2 59 1 354
40 3 14 1 98 591 3 1 1 248
11 91 63 158 154 4 515 1 1 2
19 100 180 1 339 295 8 1 56 1
534 1 48 144 67 1 2 111 2 90
91 2 85 227 94 94 239 1 165 2
123 490 1 134 1 1 1 247 1 1

128 184 97 184 286 142 224 81 263 411 
83 263 167 17 325 212 176 49 282 385 
421 213 304 452 440 497 87 459 154 256 
377 437 268 38 80 288 149 112 286 70 
383 247 305 470 183 458 269 30 330 398 
73 309 110 170 332 368 343 293 121 306 
26 139 400 274 453 230 248 411 400 402 
58 234 51 497 106 35 496 468 330 494 
99 67 119 388 44 63 395 286 42 181 
497 380 302 474 122 207 427 39 55 95 

168 405 374 78 450 146 75 215 406 255 
293 362 144 499 16 21 291 201 162 496 
14 200 81 479 258 255 314 84 266 39 
432 267 48 387 21 114 11 19 141 91 
499 118 360 382 279 102 476 251 444 370 
10 110 438 209 166 432 181 385 140 380 
184 193 449 100 404 418 332 119 152 160 
300 233 406 188 127 144 49 7 432 402 
360 433 301 235 365 228 388 61 269 7 
62 490 306 352 421 343 480 114 347 208 

489 57 19 29 370 15 105 270 258 87 
83 380 163 26 41 191 380 238 74 147 
481 388 218 379 345 496 39 338 215 298 
279 172 258 335 21 194 271 116 406 483 
332 159 324 265 302 433 84 120 19 79 
69 373 471 341 271 355 171 396 48 91 
251 486 351 350 43 3 408 123 103 82 
309 251 391 412 126 384 395 421 188 54 
117 128 474 314 457 444 57 333 219 203 
392 486 374 69 109 53 29 46 385 107 

286 179 376 365 151 274 206 89 309 365 
285 461 156 294 322 435 181 347 120 12 
354 408 229 43 379 438 267 112 393 284 
2 83 86 446 300 49 296 483 186 389 
113 25 149 36 451 309 332 393 126 277 
196 498 257 129 452 371 252 331 488 439 
176 203 375 136 465 264 405 471 35 445 
45 192 290 345 472 262 205 499 419 206 
168 439 176 181 304 133 28 227 104 20 
393 304 199 489 38 90 49 35 182 284 

481 154 130 348 458 260 468 146 15 258 
182 65 447 355 390 150 46 414 342 363 
2 399 191 441 317 253 466 224 214 377 
154 86 317 413 277 94 100 3 463 242 
45 430 100 47 179 35 115 117 158 77 
361 380 54 467 129 366 429 180 42 497 
123 117 374 69 4 197 48 395 318 479 
68 186 358 343 89 359 154 429 424 420 
438 441 206 433 143 420 443 132 88 50 
100 116 254 172 131 95 379 282 329 281 

99 110 68 233 147 341 369 169 257 82 
52 135 63 402 110 131 370 419 172 257 
200 62 290 408 9 194 469 219 498 357 
225 96 191 412 65 121 373 440 273 409 
489 453 100 315 160 94 11 318 158 63 
250 338 431 466 335 92 264 282 74 20 
28 345 426 353 289 334 89 45 92 269 
124 75 157 238 222 99 274 265 407 144 
143 314 108 163 288 137 293 33 484 285 
214 284 275 455 18 205 249 179 155 39 

199 239 131 424 464 349 213 66 378 252 
331 301 390 489 444 186 306 109 264 403 
356 489 496 396 398 354 428 6 14 397 
65 231 457 265 154 398 199 356 124 378 
318 20 320 30 212 125 432 180 385 216 
138 74 271 433 259 92 423 376 478 470 
259 409 238 410 409 487 104 166 179 18 
460 173 30 91 87 293 364 16 244 79 
216 106 443 92 43 61 455 132 304 184 
465 390 163 201 211 125 25 406 91 470 

198 113 496 464 104 69 232 388 118 88 
145 201 290 99 183 290 146 46 65 313 
294 237 325 119 483 384 379 463 152 92 
70 384 215 418 295 86 231 104 75 254 
187 258 125 479 260 96 47 248 284 209 
149 220 483 310 74 385 174 457 45 347 
459 172 201 133 472 454 50 425 481 207 
349 451 350 183 257 133 209 445 239 484 
413 152 487 44 355 315 371 72 282 74 
245 321 117 394 478 388 115 3 199 10 

243 424 261 164 419 425 413 461 213 124 
387 375 158 474 407 370 194 101 203 365 
382 437 160 498 72 406 129 236 391 265 
212 213 8 443 299 420 107 293 214 67 
276 442 195 359 477 6 359 428 50 80 
269 492 112 121 207 266 207 489 306 131 
321 376 202 194 172 86 142 2 417 211 
293 277 285 165 7 229 308 423 414 108 
271 137 293 227 316 121 89 88 317 133 
324 55 16 53 400 361 3 310 185 379 

209 414 352 351 283 219 373 9 137 192 
452 260 422 180 397 218 400 252 176 189 
302 313 273 310 187 136 205 312 371 6 
440 465 168 244 447 7 35 263 115 12 
283 153 157 462 323 292 496 11 355 433 
296 86 279 424 194 90 415 362 18 164 
104 27 481 291 188 190 233 114 140 191 
143 168 124 287 408 350 363 302 193 217 
33 262 371 371 99 489 319 295 466 213 
122 385 271 318 99 374 387 86 106 403 
