10 10
1 15 114 389 3 1 1 441 18 17
252 1 4 512 107 1 1 120 1 1
1 218 406 8 38 6 2 28 17 276
335 8 277 3 1 366 2 1 6 1
1 26 1 1 523 1 47 1 329 70
79 1 1 1 3 83 605 71 53 103
1 1 190 7 12 6 1 1 337 444
1 494 5 12 1 2 338 1 65 81
52 195 1 63 1 356 2 323 1 6
277 41 1 4 311 178 1 13 173 1

914 742 536 748 944 922 678 648 580 995 
653 824 885 568 849 668 606 575 847 765 
995 655 753 826 858 860 723 979 668 546 
751 892 936 585 806 898 646 682 945 999 
676 839 700 562 777 944 935 531 989 578 
651 928 927 515 641 633 947 523 931 564 
751 523 545 946 800 597 767 539 775 924 
681 573 789 576 679 945 570 697 668 603 
683 894 799 744 804 626 790 854 655 931 
720 669 695 629 604 917 728 649 654 814 

522 873 564 763 943 700 698 561 581 544 
654 692 638 759 666 933 869 867 814 783 
922 513 580 750 868 907 546 948 918 541 
726 945 655 554 508 828 775 863 921 802 
825 875 583 596 682 852 897 836 542 670 
661 547 767 780 717 864 687 709 731 859 
548 900 871 974 811 672 896 943 732 778 
832 817 536 574 756 502 650 551 912 681 
889 628 503 880 636 838 729 972 751 889 
755 937 636 627 616 560 817 757 589 907 

603 733 560 655 711 525 839 838 565 779 
577 684 985 519 672 921 554 713 920 954 
562 915 943 893 974 917 710 779 938 967 
697 950 894 811 788 659 828 967 768 761 
734 684 729 517 643 564 779 526 696 822 
734 942 890 760 504 688 639 792 580 827 
501 989 615 697 766 559 713 624 885 937 
783 762 709 787 530 560 967 594 875 963 
695 603 710 785 806 887 924 641 761 809 
789 704 793 795 666 679 561 787 799 844 

707 779 524 735 607 658 843 743 551 821 
786 785 729 536 881 690 563 897 916 748 
819 914 546 662 633 608 564 501 930 894 
919 822 863 741 925 722 743 584 856 715 
739 631 949 706 719 714 799 899 965 592 
988 747 553 651 906 808 774 909 756 625 
877 963 654 717 715 706 546 824 881 855 
504 552 626 736 892 554 519 534 782 986 
706 848 873 826 890 507 573 614 966 575 
791 672 628 723 903 796 588 726 549 590 

568 727 876 778 951 764 954 709 967 608 
529 553 658 906 699 832 788 792 830 536 
619 715 510 646 952 578 503 584 603 745 
838 899 752 922 733 586 888 781 983 937 
610 820 914 980 806 819 832 573 716 709 
744 999 825 861 943 883 910 731 656 722 
507 977 627 708 950 509 974 602 545 780 
503 918 949 710 869 506 750 923 668 957 
713 801 911 964 954 894 809 540 984 616 
753 792 770 767 542 825 665 655 835 984 

645 991 781 707 927 707 846 811 877 734 
858 837 650 671 809 548 805 627 930 774 
944 961 724 981 869 725 824 501 825 815 
936 951 698 636 983 954 505 902 516 898 
650 522 504 550 522 848 935 524 521 861 
556 770 859 788 893 931 542 674 882 564 
801 949 885 960 653 960 719 718 846 969 
799 719 891 643 670 926 780 799 836 557 
502 608 591 890 659 937 829 931 644 612 
946 722 630 946 554 851 577 917 505 594 

880 981 633 941 881 809 721 817 961 637 
932 997 505 990 660 501 779 625 625 862 
956 981 901 580 505 924 695 833 917 798 
587 945 727 570 838 893 753 854 929 767 
947 569 763 897 645 821 915 968 748 591 
695 518 953 725 585 961 903 677 815 622 
774 561 666 661 768 768 550 505 720 590 
825 714 671 818 988 989 945 521 823 554 
859 708 965 587 708 786 816 725 828 676 
562 750 684 513 802 983 796 741 666 553 

905 851 699 944 551 780 895 987 638 534 
960 934 806 733 894 644 584 518 637 869 
916 978 598 694 674 822 906 534 850 797 
838 516 720 738 809 525 506 872 827 674 
946 727 726 752 815 688 958 557 537 918 
718 553 978 563 928 516 762 843 719 609 
589 834 726 808 527 642 943 764 928 619 
896 839 706 519 817 912 664 889 770 688 
672 789 991 975 701 547 820 672 728 940 
635 647 621 849 675 968 861 945 721 516 

724 623 860 673 907 971 742 999 536 518 
877 514 905 901 934 776 892 570 521 594 
573 878 637 638 948 884 705 893 722 860 
855 960 544 805 607 581 879 917 767 540 
865 592 946 901 563 955 809 742 721 523 
900 920 532 827 922 888 537 604 804 871 
769 612 871 618 558 795 722 940 650 627 
886 693 502 802 607 562 654 798 981 744 
793 570 736 699 950 567 502 537 919 635 
674 638 623 803 524 549 917 581 504 657 

643 527 684 584 528 651 756 629 925 562 
978 791 808 904 567 887 693 505 949 719 
860 652 758 592 898 520 572 976 645 921 
702 908 556 582 996 750 661 836 783 580 
546 621 826 887 845 714 833 533 575 817 
760 825 546 843 657 799 577 968 808 963 
684 970 643 788 533 603 709 594 987 913 
791 774 664 973 586 724 636 634 869 574 
510 504 835 964 881 559 668 809 644 720 
572 653 798 513 638 813 975 771 701 938 
