5 5
21 245 388 1 334 
304 231 132 306 27 
195 140 2 271 343 
108 142 379 199 72 
372 190 48 166 124 

113 360 310 349 894 
521 519 890 27 155 
188 991 38 288 89 
821 113 774 553 82 
679 396 421 221 926 

899 87 765 529 991 
964 17 833 164 692 
662 194 441 784 325 
698 858 630 509 757 
557 987 932 256 403 

470 658 553 792 317 
103 381 200 698 491 
884 943 185 456 362 
853 541 117 505 130 
520 895 698 662 757 

555 408 564 906 264 
709 419 387 918 778 
359 960 397 81 628 
827 901 333 539 269 
114 489 442 494 286 

718 600 159 643 110 
473 140 183 601 559 
244 335 18 727 65 
575 459 257 445 508 
784 927 615 283 969 