5 5
44 135 294 69 410 
200 142 158 349 71 
220 319 23 323 31 
186 35 328 34 355 
350 289 97 152 33 

93 501 192 895 187 
768 794 230 874 117 
706 547 739 963 625 
745 352 180 478 153 
857 242 174 402 571 

369 511 957 323 85 
316 313 679 87 303 
335 591 743 53 792 
449 971 545 843 499 
592 235 727 87 665 

182 930 763 755 374 
833 383 367 64 588 
890 686 704 937 730 
306 742 296 461 719 
358 921 865 757 653 

395 181 22 902 83 
438 613 100 740 724 
242 528 955 791 224 
335 984 819 425 129 
977 57 185 729 698 

486 778 239 229 97 
357 263 137 539 58 
934 84 931 578 755 
183 808 505 147 535 
140 592 682 423 36 