5 5
309 214 5 164 158 
55 222 111 399 196 
71 95 153 220 395 
97 16 636 112 43 
468 313 3 92 8 

563 549 240 805 163 
810 498 71 301 377 
784 239 199 276 332 
171 994 74 104 43 
51 316 579 218 480 

680 507 175 522 665 
30 128 556 680 299 
802 591 333 688 852 
393 949 341 447 23 
115 881 145 713 773 

812 137 726 450 966 
701 613 465 194 524 
2 430 204 42 388 
665 893 885 640 699 
856 556 71 335 340 

47 473 482 274 180 
887 539 557 529 645 
220 458 827 203 772 
981 699 368 913 349 
294 849 150 707 61 

848 682 136 541 849 
714 993 494 696 129 
496 65 550 656 204 
213 122 212 617 978 
878 362 81 549 622 