5 5
111 309 282 203 95 
237 187 203 207 166 
419 137 102 199 143 
73 292 183 207 245 
160 75 230 184 351 


639 508 831 850 331 
698 823 639 273 721 
751 63 763 286 307 
331 606 35 567 596 
989 752 376 372 519 

874 269 45 495 718 
34 198 170 416 2 
114 431 562 553 374 
54 865 659 830 676 
436 662 522 829 481 

532 379 438 466 221 
581 71 45 609 913 
108 246 240 468 145 
310 910 477 493 806 
73 70 310 565 261 

855 528 256 16 960 
310 260 274 651 358 
154 239 472 186 530 
62 395 991 675 528 
589 753 365 21 745 

802 432 391 710 55 
439 127 295 560 891 
928 461 862 554 386 
680 71 749 374 134 
628 667 156 16 671 