5 5
157 289 90 328 95 
33 286 184 109 379 
164 121 259 209 167 
211 77 75 283 254 
435 148 309 3 5 

41 286 588 947 458 
806 135 10 414 397 
109 632 967 56 625 
126 617 756 899 73 
641 458 309 548 268 

210 289 445 57 791 
106 613 486 200 388 
7 355 598 148 282 
699 858 268 362 95 
92 629 459 24 254 

128 223 835 309 288 
384 803 790 704 703 
213 241 632 157 621 
790 759 397 712 120 
111 142 137 651 201 

612 418 967 198 152 
694 360 953 674 329 
868 211 74 921 585 
151 737 575 867 27 
562 785 801 92 374 

516 68 713 576 718 
103 920 713 50 517 
784 535 190 621 756 
274 263 404 785 967 
758 241 712 982 941 