5 5
340 129 1 181 259 
41 124 352 267 79 
184 279 119 98 195 
118 115 177 269 148 
317 209 264 91 119 

956 462 981 2 726 
911 478 859 450 160 
223 569 236 485 48 
793 920 725 755 881 
763 760 145 717 564 

567 657 323 798 497 
388 113 743 337 658 
615 280 618 333 589 
510 528 907 61 680 
549 7 518 212 193 

22 928 172 487 513 
930 471 528 957 584 
878 374 59 658 534 
636 248 440 992 280 
265 206 26 970 893 

259 200 646 891 868 
816 159 105 265 128 
238 333 124 993 421 
637 714 778 262 103 
206 32 452 496 139 

992 72 235 49 974 
104 495 550 698 2 
196 431 930 971 656 
206 139 876 311 726 
141 286 868 18 967 