5 5
113 320 85 442 9 
337 198 61 228 70 
12 61 203 107 515 
45 2 552 66 184 
493 283 10 4 22 

642 106 560 412 616 
901 817 684 554 88 
551 107 950 38 254 
679 700 199 841 918 
772 287 598 756 833 

504 38 601 678 306 
101 319 157 238 172 
949 631 256 647 938 
907 577 777 54 108 
753 637 974 583 549 

928 365 87 666 66 
864 385 437 408 420 
399 143 859 882 235 
379 826 722 883 147 
421 970 151 276 147 

934 347 898 234 561 
273 814 799 119 41 
654 919 879 300 522 
233 780 79 750 436 
986 567 281 997 258 

854 488 47 817 631 
312 42 464 513 709 
274 920 465 77 371 
369 309 689 955 146 
957 992 967 498 524 