5 5
1 61 270 604 64 
331 62 282 236 89 
190 21 11 112 666 
65 784 15 46 90 
413 72 422 2 91 

449 820 918 573 228 
726 774 455 963 41 
223 252 33 735 991 
742 414 56 539 849 
184 56 764 835 677 

677 683 865 282 572 
70 95 87 39 495 
559 638 734 694 420 
400 948 341 26 220 
933 697 193 411 919 

9 193 756 873 128 
627 804 231 325 98 
593 630 182 765 201 
608 694 328 997 965 
981 789 343 316 480 

522 52 459 572 786 
174 711 580 426 417 
32 875 180 715 540 
758 187 928 555 606 
179 115 430 952 783 

487 73 502 89 343 
271 970 151 771 528 
338 653 296 124 717 
54 484 738 23 483 
943 61 27 337 380 