5 5
379 26 178 288 129 
113 333 166 248 140 
120 294 311 101 174 
140 116 159 69 516 
248 231 186 294 41 

161 53 12 579 558 
924 308 603 289 585 
129 313 664 5 925 
590 947 544 834 850 
164 42 778 601 6 

768 682 846 121 435 
157 577 638 428 934 
983 122 52 241 320 
872 694 111 378 525 
975 505 748 377 933 

287 267 697 394 596 
208 502 154 856 98 
226 490 896 990 659 
899 869 368 854 163 
319 340 484 399 87 

291 662 723 444 105 
404 407 425 894 147 
153 209 719 564 493 
469 166 876 548 36 
496 809 797 355 305 

805 630 35 242 601 
7 234 550 893 796 
704 716 566 134 211 
188 881 567 874 811 
350 690 201 716 752 