6 6
111 217 81 117 75 399 
203 292 277 106 95 27 
337 183 123 144 114 99 
77 56 217 304 191 155 
171 107 131 161 374 56 
101 145 171 168 151 264 




835 57 601 738 385 616 
13 456 733 396 120 951 
713 655 187 177 907 605 
990 906 977 113 778 446 
542 726 80 258 202 210 
220 874 909 291 864 412 

381 223 524 149 237 100 
592 311 589 328 948 36 
407 127 369 773 155 576 
247 398 282 836 549 64 
313 850 829 31 665 743 
329 198 967 20 957 728 

966 575 485 400 338 819 
369 662 524 69 753 889 
898 545 698 357 260 505 
546 427 936 982 757 689 
766 640 225 169 404 410 
187 25 804 730 552 341 

905 254 285 334 282 504 
237 685 544 531 362 822 
840 241 83 375 315 261 
136 766 862 127 96 756 
241 10 595 36 493 662 
538 681 972 182 710 465 

295 127 801 625 960 829 
276 368 527 326 589 36 
88 326 270 447 32 270 
702 153 723 444 88 390 
902 308 626 619 482 756 
428 792 555 609 215 235 

9 899 586 683 501 41 
778 209 541 27 524 441 
850 774 894 701 216 22 
741 70 456 330 161 110 
349 573 346 45 456 830 
812 844 966 63 519 514 