6 6
155 126 25 438 49 194 
125 232 142 5 174 159 
211 218 71 206 191 30 
119 25 257 66 280 125 
60 19 341 47 177 284 
330 292 96 90 101 8 

457 157 540 552 888 405 
644 66 727 106 808 722 
567 562 662 373 127 348 
205 803 857 488 188 356 
735 1 814 485 585 771 
451 839 550 500 625 539 

409 916 870 551 213 922 
121 955 882 708 414 372 
81 395 482 850 634 584 
608 701 3 618 614 759 
685 426 101 304 679 918 
389 54 129 53 896 431 

373 27 8 95 876 85 
913 659 638 457 291 459 
247 381 815 956 235 929 
290 349 561 937 766 93 
168 751 396 778 306 909 
429 35 909 689 247 717 

288 193 766 691 411 801 
337 851 475 785 412 697 
807 252 894 199 538 863 
400 750 660 910 126 785 
358 147 553 109 18 623 
707 895 694 263 496 934 

741 888 35 213 916 168 
188 839 925 459 282 603 
739 436 559 767 233 40 
694 559 417 687 858 274 
808 968 401 562 516 986 
159 143 251 318 927 105 

565 894 156 16 827 346 
344 937 766 104 959 777 
480 236 681 69 217 738 
113 122 671 891 662 689 
518 406 376 199 205 663 
265 559 901 962 911 540 