6 6
66 50 227 377 21 239 
164 183 229 177 103 138 
60 47 2 241 409 65 
183 190 83 17 268 139 
123 142 191 112 23 209 
404 260 91 28 7 10 

160 472 320 838 311 937 
545 146 429 275 148 827 
866 473 890 787 39 775 
609 741 570 151 156 179 
612 179 941 627 69 160 
940 491 466 745 505 541 

905 844 897 421 902 557 
819 152 954 445 955 220 
416 468 589 70 248 314 
506 586 152 621 571 517 
715 805 798 585 381 887 
278 691 726 677 251 367 

962 217 398 959 299 292 
321 565 294 979 858 434 
664 12 273 137 978 416 
235 881 340 842 202 311 
520 160 492 100 535 441 
181 476 600 968 166 554 

46 589 176 938 431 938 
406 732 809 501 276 190 
731 570 365 778 254 883 
399 622 7 464 463 188 
808 512 542 928 369 368 
533 531 988 763 925 973 

462 885 559 413 538 331 
415 343 450 214 314 927 
669 243 478 915 609 356 
903 399 501 452 15 794 
539 862 630 681 368 370 
772 771 283 303 87 345 

853 462 574 302 134 558 
871 529 609 318 403 623 
824 122 350 532 136 432 
107 434 910 481 878 280 
958 118 181 266 943 63 
96 886 745 343 689 152 