6 6
147 212 29 347 141 47 
25 49 111 39 401 373 
44 242 17 344 2 295 
127 185 111 45 416 25 
177 21 535 108 11 121 
480 276 112 29 12 39 

548 997 93 553 173 453 
864 35 413 495 315 963 
569 240 814 184 707 537 
510 810 82 205 61 629 
100 276 894 508 627 94 
891 322 825 39 312 531 

574 678 773 318 963 418 
906 815 142 371 971 234 
272 112 859 707 992 455 
672 977 951 339 717 724 
532 66 909 952 173 694 
485 606 807 47 985 267 

240 558 462 949 73 640 
200 597 189 699 364 433 
419 629 24 643 263 290 
684 403 934 283 295 788 
294 406 9 855 487 660 
59 792 955 215 269 643 

585 728 355 140 75 667 
523 26 491 318 779 360 
663 799 654 409 114 968 
412 737 420 976 218 993 
255 381 693 806 496 403 
273 257 282 680 294 870 

170 157 400 517 65 272 
877 884 906 538 95 991 
344 643 878 69 967 138 
406 323 599 386 564 873 
876 126 765 742 466 625 
483 48 829 386 78 987 

491 909 234 609 830 365 
399 604 595 976 211 234 
89 857 932 450 891 81 
541 537 995 574 236 782 
389 336 578 542 99 784 
456 740 499 292 782 746 