6 6
122 325 22 44 144 301 
74 132 226 223 4 302 
99 46 78 40 436 228 
28 152 289 333 99 60 
160 69 214 300 225 3 
517 199 142 26 10 6 

2 985 737 826 687 727 
233 173 143 840 735 17 
610 542 826 913 742 232 
893 123 350 601 738 805 
51 181 945 415 428 235 
156 432 209 721 261 542 

622 868 948 882 147 810 
272 251 92 802 939 533 
793 322 429 486 543 352 
816 275 613 797 563 659 
878 628 406 918 984 647 
91 581 942 303 377 991 

503 763 920 716 688 722 
736 837 172 132 76 276 
229 665 85 598 833 794 
494 735 218 656 772 838 
593 554 93 624 49 310 
594 424 209 520 819 943 

720 242 238 637 831 770 
699 985 183 753 974 297 
463 319 949 712 519 7 
583 632 558 45 401 788 
924 140 542 148 994 782 
945 82 599 402 498 354 

887 283 700 889 342 846 
203 973 76 173 451 616 
302 231 697 902 874 360 
374 834 381 161 543 140 
413 281 236 936 746 740 
681 96 319 98 9 560 

233 548 224 234 557 811 
869 59 142 438 538 590 
59 794 544 124 669 631 
703 287 717 423 535 834 
793 937 754 335 135 81 
515 562 375 109 919 295 