6 6
214 4 206 100 116 360 
240 191 23 297 208 41 
51 128 136 66 222 397 
108 224 288 51 140 189 
50 89 116 460 281 4 
337 364 231 26 33 9 

934 403 589 461 911 888 
595 60 797 555 917 56 
30 566 728 349 426 267 
516 825 975 231 942 804 
716 88 756 417 157 955 
930 449 429 245 832 434 

264 663 391 123 698 466 
826 202 243 968 558 691 
630 38 662 466 381 14 
767 230 875 145 14 628 
805 382 285 961 294 127 
545 806 226 825 998 531 

91 823 883 696 523 977 
199 74 711 687 580 33 
925 422 989 900 473 213 
690 635 709 849 60 399 
672 300 37 13 365 867 
941 252 732 7 533 945 

584 287 197 398 467 868 
137 429 347 738 134 996 
533 21 888 596 917 537 
673 447 417 395 411 126 
571 547 55 115 911 980 
218 670 230 649 198 157 

787 139 281 509 706 609 
722 389 120 884 157 79 
560 835 864 52 916 324 
938 988 430 807 894 724 
690 946 507 914 730 797 
121 18 548 10 710 375 

390 239 388 382 355 520 
477 491 481 947 349 433 
651 528 274 328 679 500 
716 188 40 810 153 906 
910 283 459 796 157 282 
712 150 804 773 530 210 