6 6
222 178 57 66 310 75 
88 30 285 112 67 372 
102 286 18 210 189 145 
42 18 215 290 200 190 
108 140 339 220 160 15 
438 312 34 23 5 103 

884 749 924 317 443 707 
317 760 309 926 853 175 
562 898 353 151 33 829 
503 489 920 953 163 928 
657 922 111 4 310 284 
559 818 737 180 922 45 

749 532 41 882 773 840 
736 737 169 907 806 316 
40 379 994 750 266 84 
605 54 564 673 456 166 
629 276 781 320 619 217 
157 836 663 514 712 306 

808 361 794 867 62 375 
666 638 292 33 824 244 
554 48 550 294 628 333 
252 6 674 40 632 879 
279 962 932 375 957 256 
297 408 105 364 24 742 

86 563 704 768 150 679 
446 791 787 127 165 677 
600 951 886 126 368 315 
371 238 987 117 407 560 
607 394 840 144 775 674 
344 30 789 705 334 301 

952 275 209 5 48 337 
774 921 710 181 620 481 
495 563 462 321 44 828 
333 491 659 118 920 182 
828 254 587 577 605 718 
920 32 19 399 783 316 

141 427 34 577 194 153 
831 392 515 963 531 734 
607 118 724 894 990 285 
822 533 496 750 531 262 
687 166 331 845 196 462 
231 194 941 86 673 100 