6 6
1 62 390 173 356 18 
194 21 268 316 97 104 
35 7 35 27 229 667 
22 221 91 243 290 133 
91 446 169 197 20 77 
657 243 47 44 8 1 

552 773 773 246 664 129 
469 992 167 495 156 451 
681 807 563 575 643 675 
976 461 895 499 560 750 
272 505 582 622 141 170 
485 744 384 510 390 625 

86 94 811 445 364 548 
20 952 975 594 789 928 
10 737 114 4 967 532 
774 374 360 662 993 817 
1 621 446 733 353 246 
380 46 151 65 945 670 

820 899 427 578 654 775 
597 811 300 955 713 190 
328 206 705 60 713 73 
40 572 264 601 45 210 
460 305 158 503 66 402 
291 531 425 260 80 144 

87 402 746 653 287 991 
828 457 678 46 913 442 
874 105 52 31 46 356 
518 151 797 10 138 126 
196 491 725 788 754 397 
234 988 413 871 500 868 

645 257 3 226 916 436 
388 392 324 268 738 264 
888 770 616 925 953 587 
267 642 980 326 145 715 
896 469 897 926 476 938 
750 337 786 58 612 20 

659 28 335 426 758 695 
543 106 503 349 47 43 
103 285 125 996 693 190 
215 876 275 694 323 652 
612 45 198 650 621 174 
49 484 890 314 506 860 