6 6
302 172 16 91 1 377 
16 60 321 280 33 126 
147 17 218 300 126 123 
31 105 8 64 493 128 
6 322 274 1 250 21 
498 192 74 142 69 25 

929 380 875 140 873 741 
698 782 811 514 307 72 
934 964 735 853 20 472 
709 965 236 344 253 731 
194 213 223 767 331 482 
236 866 288 659 600 267 

626 935 195 130 41 134 
951 606 1 428 682 421 
234 980 758 54 881 491 
1 516 71 703 456 178 
338 317 273 953 599 579 
506 613 897 223 788 665 

942 778 467 128 528 246 
266 714 747 851 540 35 
202 763 597 141 490 464 
621 844 931 722 959 312 
434 928 514 474 338 116 
351 113 675 790 880 588 

313 798 256 487 862 745 
76 721 954 179 724 395 
474 245 345 776 203 829 
899 962 953 711 272 937 
931 418 102 142 922 390 
365 92 886 775 575 734 

239 255 54 965 854 448 
865 765 711 388 648 563 
879 380 12 305 386 888 
630 193 922 729 544 418 
86 73 139 530 16 785 
445 300 508 292 452 749 

642 470 853 258 246 824 
690 821 565 863 576 199 
865 112 682 949 76 45 
178 430 928 700 15 280 
988 957 20 303 476 618 
709 393 838 942 363 14 