7 7
133 212 211 45 17 192 81 
208 137 30 161 186 18 168 
116 114 78 130 247 198 53 
130 157 35 135 6 118 248 
46 2 93 18 306 383 65 
64 21 327 382 2 20 184 
303 311 211 13 141 20 1 

9 255 752 471 534 377 796 
676 783 394 950 943 110 463 
123 288 299 272 800 43 765 
464 771 699 673 886 219 522 
734 734 913 225 332 58 573 
370 799 424 183 823 579 406 
725 929 394 862 57 807 941 

554 93 922 348 512 411 52 
951 234 899 678 747 932 859 
164 116 962 360 809 275 511 
190 676 695 587 672 629 69 
230 281 289 835 66 505 279 
406 846 198 551 53 3 161 
408 822 943 525 25 820 458 

19 741 193 568 13 564 203 
852 609 171 587 30 270 806 
531 85 7 929 292 37 728 
935 207 508 207 600 71 879 
398 23 92 512 300 116 770 
900 465 964 456 651 197 842 
245 896 604 415 647 775 437 

598 173 387 484 896 278 348 
918 470 935 48 694 610 502 
35 447 620 467 408 56 222 
956 385 388 439 858 254 766 
335 473 970 256 817 157 401 
899 442 686 330 880 598 527 
216 726 736 749 297 230 683 

364 175 849 148 639 197 545 
697 23 141 481 518 613 308 
653 512 54 4 409 524 197 
190 96 839 783 813 132 648 
867 187 341 720 749 154 712 
982 674 628 241 978 807 886 
556 112 79 373 67 349 182 

384 184 468 316 742 869 320 
72 732 517 127 587 866 563 
295 854 295 591 362 987 757 
192 97 533 620 744 849 308 
231 837 829 440 823 78 247 
934 909 191 814 682 925 871 
547 283 186 693 419 819 703 

569 277 654 751 567 551 433 
686 366 245 916 765 581 902 
21 515 771 270 384 580 705 
176 789 763 173 450 189 148 
519 850 538 578 720 129 185 
566 423 833 21 22 168 775 
333 962 34 740 189 56 848 