7 7
202 40 237 127 188 14 90 
19 79 219 76 213 62 214 
233 49 90 105 130 138 131 
113 20 51 299 179 149 136 
1 65 54 80 26 449 166 
20 288 142 248 103 4 34 
412 340 19 24 22 21 29 

450 525 293 377 668 346 938 
507 45 189 40 361 741 883 
953 576 881 427 983 798 624 
574 196 764 418 47 755 338 
671 333 185 878 45 638 247 
776 818 173 174 225 502 291 
912 8 575 991 229 886 447 

911 379 167 349 284 495 445 
664 150 878 378 544 27 64 
163 593 806 640 503 654 684 
247 207 820 983 285 369 770 
267 858 455 859 649 936 15 
805 260 655 966 508 826 484 
68 504 286 439 704 133 854 

131 322 612 815 605 846 500 
819 629 731 960 321 193 899 
835 883 76 604 462 494 410 
626 978 545 143 566 485 243 
765 728 467 298 572 284 514 
424 525 323 278 325 111 847 
508 882 584 569 521 46 512 

53 710 889 598 789 311 244 
898 665 774 268 443 104 532 
195 903 233 346 7 299 720 
723 982 236 76 171 281 106 
526 178 481 805 251 101 649 
107 342 596 978 831 824 35 
954 751 496 740 571 586 944 

939 438 266 993 468 970 153 
228 361 193 118 83 899 996 
90 826 203 114 463 139 440 
954 510 255 82 470 54 74 
71 389 337 556 456 376 509 
480 508 808 758 567 872 224 
617 953 798 492 776 288 888 

160 985 546 371 578 306 177 
615 289 572 706 650 958 211 
813 845 672 989 849 605 526 
510 937 724 504 450 732 984 
679 931 78 955 700 428 526 
954 270 207 525 873 675 408 
843 908 446 409 681 764 338 

579 868 477 225 285 264 913 
445 927 642 304 427 904 352 
67 30 213 11 601 762 422 
194 652 19 244 963 950 470 
208 135 235 75 297 926 304 
897 70 521 413 746 533 501 
903 740 244 378 125 746 981 