7 7
123 176 126 79 101 323 23 
107 88 154 111 220 11 244 
214 181 118 56 42 130 165 
5 120 33 321 204 103 166 
64 123 191 45 71 180 238 
89 74 98 302 211 165 61 
398 234 227 75 55 8 3 

168 553 892 67 117 103 286 
502 201 383 124 414 21 354 
80 206 226 968 833 172 593 
368 401 395 520 55 458 594 
577 209 400 558 196 677 888 
604 645 203 235 137 907 960 
161 736 660 562 286 363 417 

380 689 528 25 169 902 749 
180 507 833 224 84 50 793 
875 702 671 47 773 716 964 
204 491 681 655 886 828 998 
329 926 673 863 398 210 196 
807 589 808 721 554 817 256 
379 484 604 112 269 914 763 

895 86 805 190 271 100 614 
535 633 866 221 662 808 184 
352 965 701 555 831 418 65 
951 509 245 229 750 995 314 
290 904 918 291 747 139 414 
779 227 349 340 852 124 2 
196 586 164 329 771 249 791 

775 269 53 700 733 174 79 
248 826 925 908 774 723 498 
801 11 360 200 735 246 172 
459 875 159 522 791 139 538 
781 300 626 388 284 234 729 
817 964 770 268 433 483 909 
503 912 71 121 739 407 943 

880 6 485 591 127 440 661 
497 957 596 644 708 254 655 
169 905 72 87 471 405 318 
393 971 618 727 650 526 619 
574 948 245 77 791 483 991 
413 795 867 990 512 316 282 
367 646 129 17 537 152 712 

943 401 645 595 662 60 483 
939 249 549 272 955 642 148 
14 590 670 816 89 838 218 
380 454 634 93 862 133 351 
320 782 591 300 379 593 376 
996 991 730 449 307 598 684 
42 768 608 972 808 672 425 

380 540 815 212 627 343 65 
271 106 24 660 126 175 298 
158 909 747 499 746 800 873 
834 321 818 666 974 126 724 
470 158 104 733 189 571 664 
284 161 639 200 919 132 257 
667 56 731 330 170 978 850 