7 7
226 108 144 126 3 189 97 
32 64 207 124 21 227 149 
37 73 142 115 128 234 171 
20 174 28 264 141 232 39 
11 86 113 40 413 15 322 
21 455 84 235 202 1 2 
653 26 200 18 82 1 20 

370 355 755 351 940 492 780 
811 563 312 171 642 333 129 
127 155 983 156 212 836 826 
379 253 592 331 750 494 656 
787 515 742 716 28 315 977 
942 798 515 119 655 745 661 
563 106 140 894 101 173 873 

559 203 124 42 334 877 427 
586 899 835 190 829 562 452 
512 760 209 832 194 719 771 
196 726 215 694 318 360 592 
708 661 632 579 85 864 286 
133 251 826 408 237 934 604 
262 493 949 329 636 600 301 

566 235 169 963 557 304 613 
403 633 42 402 770 338 793 
885 981 251 94 391 820 344 
593 871 890 287 208 690 903 
831 845 160 354 510 853 482 
417 640 88 527 57 428 196 
861 388 440 942 536 924 388 

900 606 522 741 271 435 401 
639 61 808 417 509 812 863 
851 41 638 488 967 872 901 
143 672 765 174 797 408 116 
477 333 754 333 661 661 846 
568 456 817 91 437 927 31 
444 665 821 727 684 240 912 

441 998 106 964 180 600 310 
502 899 895 549 996 305 626 
145 430 780 137 424 614 843 
115 803 59 627 547 545 41 
467 411 806 602 393 716 193 
233 434 454 329 592 470 570 
156 217 334 889 347 422 780 

303 730 18 373 777 712 859 
831 236 408 763 861 602 289 
884 51 511 945 542 55 615 
932 723 546 616 761 47 200 
242 727 298 898 473 437 840 
941 567 71 663 811 270 506 
828 976 991 300 701 706 748 

559 839 953 403 271 650 554 
124 677 851 46 259 526 784 
762 889 771 332 682 156 376 
357 585 516 632 452 805 368 
198 723 327 622 715 669 328 
458 89 785 859 617 537 148 
674 178 699 629 439 917 617 