7 7
200 100 200 40 280 85 95 
50 250 50 210 160 132 148 
300 50 100 180 70 88 212 
30 200 190 70 177 252 81 
100 100 220 50 163 202 165 
220 100 90 150 95 74 271 
100 200 150 300 55 167 28 



152 751 162 145 87 74 593 
348 406 432 425 286 491 366 
68 822 280 372 892 150 389 
606 817 84 423 458 700 659 
601 252 920 139 78 341 553 
811 589 857 896 348 790 469 
399 61 966 725 941 498 559 

996 788 486 807 694 315 131 
807 675 253 113 326 703 487 
768 927 347 392 286 564 766 
212 957 193 602 665 954 25 
361 990 34 286 574 225 538 
541 840 214 885 759 17 272 
123 106 725 955 770 723 221 

367 325 559 272 838 13 417 
472 927 313 641 991 43 334 
959 696 21 580 641 717 65 
145 635 217 654 105 829 173 
821 204 35 255 998 58 737 
711 864 675 989 193 789 462 
114 911 464 555 616 225 834 

680 405 235 167 771 541 233 
618 385 821 101 796 696 55 
572 167 542 368 27 203 42 
62 302 868 164 650 637 138 
81 963 723 558 847 903 826 
633 951 908 924 226 912 22 
971 520 420 46 411 611 321 

285 203 577 813 321 540 783 
656 354 273 880 448 283 172 
367 972 943 913 730 929 297 
157 810 4 859 236 837 797 
590 102 755 342 679 120 799 
705 85 171 882 557 661 984 
588 499 503 29 859 687 110 

22 807 104 554 848 788 460 
638 570 405 841 471 712 171 
764 334 596 884 170 335 196 
661 749 652 228 778 86 510 
918 249 759 304 677 249 37 
147 980 143 906 557 247 963 
196 199 324 166 424 753 623 

607 921 295 350 973 504 317 
787 994 53 602 594 671 161 
602 745 309 591 335 467 928 
95 621 524 749 908 649 254 
865 384 401 73 530 889 769 
921 793 560 40 146 130 277 
639 118 333 691 998 627 247 