7 7
13 121 190 307 38 51 280 
222 238 7 160 25 99 249 
26 68 83 141 150 464 68 
209 62 15 188 304 167 55 
116 100 188 33 226 27 310 
68 35 323 159 208 183 24 
346 376 194 12 49 9 14 

420 902 520 905 685 594 588 
855 625 290 235 548 17 222 
724 796 591 681 268 899 329 
276 2 631 45 463 888 793 
968 437 295 167 598 125 420 
368 621 656 486 54 396 792 
283 177 619 930 453 150 695 

1 997 90 13 18 687 935 
231 971 344 416 820 218 187 
818 807 583 705 625 792 155 
723 579 193 539 633 411 413 
310 361 511 219 489 658 416 
152 155 415 469 266 913 25 
675 711 299 488 72 383 153 

399 593 879 660 749 375 250 
428 863 748 174 509 632 779 
15 958 275 598 82 980 510 
384 954 270 362 882 350 386 
769 575 78 194 606 222 164 
477 792 688 109 765 843 55 
564 858 685 762 929 377 686 

440 626 380 62 162 697 657 
142 333 10 127 294 521 590 
211 437 553 508 91 518 107 
648 847 981 970 89 364 246 
277 495 517 296 106 617 923 
540 971 331 474 170 656 158 
779 27 663 361 547 167 177 

666 169 879 374 54 285 507 
652 312 725 917 767 922 974 
711 49 905 29 722 411 225 
871 39 956 708 529 187 333 
45 936 13 986 180 903 316 
159 589 143 92 887 758 126 
509 142 109 888 349 624 960 

36 646 448 346 639 285 548 
522 330 200 521 147 383 439 
799 869 816 119 743 938 852 
296 394 721 853 72 450 78 
947 436 50 878 646 953 249 
995 986 131 164 463 734 125 
401 989 685 450 701 958 520 

903 812 635 601 291 310 374 
149 821 291 36 509 486 536 
331 296 984 742 425 177 425 
943 777 637 58 909 19 745 
123 907 828 811 996 173 469 
447 388 317 305 976 910 407 
524 318 745 498 314 628 456 