7 7
215 152 40 82 229 82 174 
25 201 265 133 8 186 148 
125 88 50 12 437 199 69 
80 42 11 196 174 342 57 
114 48 147 116 9 73 425 
23 102 302 402 66 16 22 
418 289 125 33 22 29 5 

922 724 595 678 548 360 637 
255 557 164 58 263 780 506 
963 846 492 629 8 502 389 
64 485 47 988 801 155 463 
715 908 264 204 4 229 748 
603 79 352 798 102 962 513 
738 777 823 856 165 876 263 

756 594 973 25 83 409 342 
308 500 203 419 235 228 966 
54 961 584 348 941 469 289 
682 87 36 716 723 458 979 
947 432 149 313 940 996 774 
503 475 714 401 75 911 414 
476 851 809 33 601 607 970 

761 845 114 209 386 929 385 
603 771 230 658 864 470 462 
930 790 344 253 805 272 382 
661 613 196 612 287 950 453 
923 810 151 267 479 56 221 
203 715 61 660 346 930 149 
129 724 958 504 495 181 39 

895 945 863 235 465 322 980 
333 723 506 15 411 300 973 
601 964 951 588 403 180 909 
392 184 995 704 777 609 546 
864 192 360 87 128 899 103 
51 944 829 212 520 570 247 
692 723 231 494 757 975 95 

937 195 704 589 330 558 398 
673 936 964 623 577 667 437 
92 500 53 455 984 316 123 
446 435 834 808 190 409 164 
307 631 105 196 281 161 451 
929 421 60 26 984 47 950 
27 233 671 890 678 312 96 

665 115 967 187 86 205 137 
371 407 842 925 783 386 100 
653 886 170 859 739 931 296 
995 910 458 109 338 231 497 
969 91 245 446 779 24 112 
622 101 548 317 431 85 782 
740 42 591 23 595 26 180 

231 816 273 447 362 291 899 
753 841 626 28 809 9 115 
162 827 893 271 324 923 439 
231 48 394 218 583 675 510 
650 975 154 147 944 951 663 
544 137 105 721 740 648 147 
105 683 314 824 179 746 801 