7 7
1 65 107 61 37 338 391 
154 207 171 170 29 29 240 
65 173 171 47 24 277 243 
153 147 171 94 236 135 64 
156 129 40 202 248 179 46 
84 25 61 374 417 32 7 
387 254 279 52 9 10 9 

498 931 328 28 812 588 133 
990 812 741 56 581 526 346 
588 93 547 601 960 398 840 
219 900 526 374 736 606 243 
960 68 560 171 10 344 441 
537 276 701 366 971 414 606 
753 776 78 766 913 936 945 

168 69 985 977 433 112 265 
498 756 632 478 350 881 629 
168 964 114 81 198 792 520 
593 305 458 261 545 415 715 
143 351 135 256 316 396 115 
400 334 495 769 518 953 487 
468 822 768 184 565 16 133 

148 319 536 965 383 317 266 
295 617 760 284 530 721 344 
484 977 448 470 143 81 995 
426 319 387 965 748 59 514 
483 717 420 776 611 137 411 
773 266 900 878 126 806 347 
253 428 395 536 31 68 320 

105 749 180 69 309 747 133 
537 268 420 220 75 316 414 
110 934 823 623 55 460 398 
496 331 895 854 18 693 911 
191 376 375 101 310 723 940 
957 278 239 456 118 319 484 
835 789 15 944 464 927 793 

333 282 597 309 889 995 176 
133 20 945 655 932 854 293 
601 307 835 360 36 717 613 
3 286 362 338 261 953 982 
120 585 306 997 495 342 904 
280 63 910 426 124 178 936 
734 224 831 127 274 895 950 

736 459 584 824 9 464 702 
785 586 941 273 61 955 901 
207 252 418 916 47 784 275 
462 99 185 785 133 16 938 
370 709 723 50 717 638 895 
59 735 680 132 584 168 484 
846 30 902 408 652 582 307 

975 576 767 934 646 48 792 
456 324 177 81 744 146 536 
639 86 723 81 244 382 119 
359 82 203 773 592 819 16 
90 219 155 908 467 373 46 
47 503 500 158 231 653 972 
569 304 499 873 110 658 535 