7 7
237 164 86 113 54 79 207 
62 270 208 157 188 1 105 
150 79 15 49 162 378 152 
160 25 1 3 201 384 136 
28 106 208 197 150 58 210 
17 29 203 391 202 73 46 
346 310 216 16 11 23 44 

958 495 850 176 277 491 655 
539 324 408 681 666 254 643 
216 410 948 801 994 359 624 
654 160 281 708 907 544 88 
849 37 351 558 880 967 967 
767 137 439 519 636 897 169 
947 127 859 880 42 852 472 

211 472 901 815 203 285 694 
336 875 390 631 902 808 544 
410 139 612 707 714 899 226 
320 627 216 900 309 753 449 
678 106 564 412 47 322 475 
132 37 546 117 546 913 385 
765 311 510 774 199 577 169 

611 763 677 994 266 218 763 
875 282 234 298 654 726 699 
194 816 608 280 577 870 411 
579 126 781 502 638 377 362 
590 404 234 109 392 153 221 
830 530 412 31 581 323 653 
97 173 331 72 20 746 672 

391 737 273 101 51 648 522 
125 150 504 709 765 207 433 
43 379 821 889 587 225 986 
364 123 742 980 549 467 503 
846 254 318 456 376 594 801 
988 633 185 318 202 100 495 
551 156 346 492 586 168 199 

897 112 904 122 486 172 6 
279 887 359 990 493 254 119 
208 430 385 86 688 944 520 
510 391 768 33 771 827 648 
271 188 10 789 760 851 497 
967 609 34 774 769 959 450 
937 538 409 19 916 822 206 

409 729 416 747 804 480 19 
83 933 98 857 624 964 124 
400 503 777 368 488 594 696 
790 792 439 474 887 164 945 
832 774 825 661 569 257 336 
84 326 402 120 114 998 725 
834 173 632 626 335 204 658 

948 690 550 396 650 647 787 
435 805 991 79 32 947 621 
714 426 106 57 938 85 963 
358 252 525 210 728 627 270 
113 244 93 268 581 518 498 
453 53 454 272 370 842 304 
57 875 920 173 802 585 561 