8 8
151 55 87 103 31 200 19 331 
10 156 24 14 119 364 45 241 
205 2 240 44 153 196 15 107 
11 172 54 208 93 39 276 78 
140 15 79 130 94 3 436 83 
91 123 77 139 228 158 98 33 
18 44 259 326 241 18 69 11 
374 430 90 6 37 5 42 16 

547 865 66 477 516 661 140 631 
334 781 852 439 471 142 868 290 
37 998 884 205 833 238 791 867 
77 951 698 542 965 552 307 766 
506 874 612 936 848 441 83 206 
894 728 866 62 232 916 435 367 
225 770 689 830 553 670 52 943 
420 530 721 85 440 606 57 441 

256 311 854 272 907 478 691 700 
536 578 75 45 221 856 816 545 
79 280 74 501 9 216 309 954 
133 330 493 129 865 316 793 293 
117 203 225 221 317 481 263 989 
511 925 496 635 325 772 641 776 
249 34 717 977 242 655 25 941 
843 208 443 731 533 739 922 725 

644 343 757 451 908 41 588 840 
410 28 61 211 42 803 431 389 
7 646 377 910 653 480 731 611 
425 933 276 707 941 464 645 936 
621 607 102 527 799 361 92 616 
236 665 742 801 420 577 134 274 
226 317 248 249 950 142 993 752 
344 563 567 940 923 722 881 534 

114 193 836 232 920 222 192 206 
865 893 294 439 648 396 647 814 
216 455 665 97 6 972 500 396 
834 944 41 823 36 246 973 470 
123 350 446 795 470 947 584 476 
175 85 807 65 83 356 491 738 
870 514 342 479 677 631 586 844 
359 617 919 30 778 491 558 371 

690 595 757 323 115 266 30 338 
270 398 839 87 858 559 595 168 
16 58 263 586 571 961 424 689 
787 109 166 596 106 903 113 588 
392 8 933 64 974 131 684 851 
942 207 751 427 760 507 177 991 
455 486 158 745 260 387 293 982 
598 170 249 711 552 74 333 258 

977 804 813 731 939 232 545 8 
643 959 25 527 607 1 769 916 
36 701 730 585 834 578 963 714 
519 937 382 829 447 381 277 840 
193 912 597 548 587 297 350 347 
136 816 694 1 774 302 560 408 
116 481 385 594 398 878 981 854 
534 146 97 86 82 786 490 617 

913 690 163 221 86 346 315 317 
822 376 755 720 794 378 868 67 
118 967 973 806 539 133 357 712 
796 766 370 409 276 697 319 446 
293 914 930 395 561 577 89 243 
945 107 418 501 299 923 122 938 
842 536 413 2 306 782 379 85 
16 95 102 256 781 934 336 207 

886 971 583 852 459 728 898 689 
905 312 91 803 622 898 611 114 
224 644 663 495 920 561 333 374 
729 864 816 293 717 229 454 439 
507 67 61 912 467 680 779 699 
655 703 807 726 690 38 886 358 
496 945 370 437 248 981 378 737 
25 737 795 645 408 982 926 418 