8 8
136 10 207 2 18 167 65 328 
39 241 181 107 47 147 109 46 
202 24 123 219 12 165 92 80 
102 41 26 217 40 116 203 65 
107 37 1 113 47 186 274 125 
9 105 10 73 383 47 120 112 
99 76 217 150 322 25 47 42 
306 395 169 33 40 53 2 2 

650 513 198 335 619 971 669 674 
45 154 493 51 529 98 455 271 
657 724 603 853 261 712 363 228 
513 790 496 635 248 708 920 94 
741 369 930 834 865 659 115 291 
278 991 971 979 877 675 419 786 
230 460 201 571 332 923 557 135 
769 870 220 116 350 545 465 991 

100 269 326 709 66 359 605 674 
964 498 467 175 970 186 266 226 
640 644 766 137 264 585 636 681 
653 36 916 135 705 946 901 923 
290 450 797 416 563 606 538 16 
759 968 46 492 729 826 483 923 
358 872 317 765 171 489 601 373 
701 453 290 627 299 991 354 53 

844 657 815 943 241 927 551 69 
443 455 944 593 525 703 122 770 
668 42 288 524 900 565 965 922 
59 772 640 408 920 473 724 459 
780 817 700 115 313 305 881 7 
6 366 900 643 324 796 939 998 
66 978 742 394 723 578 634 407 
399 407 924 472 713 705 844 827 

106 181 958 73 531 278 549 921 
258 913 526 15 723 661 177 651 
209 547 921 462 532 330 457 882 
257 2 562 876 620 687 236 716 
648 634 652 239 902 624 90 345 
629 983 707 851 269 713 686 108 
355 173 149 853 351 188 831 582 
514 287 721 739 16 787 469 741 

7 329 15 44 32 780 210 223 
9 862 553 729 803 290 566 177 
426 431 52 551 761 42 697 171 
489 694 959 64 498 902 798 842 
249 379 923 354 90 167 513 34 
757 717 505 462 154 541 483 748 
470 854 641 734 349 436 593 767 
833 202 806 159 408 38 244 203 

735 655 605 543 714 119 243 89 
46 91 926 61 532 249 177 953 
366 549 500 275 238 380 398 664 
238 869 571 722 141 861 178 153 
596 436 532 590 457 541 247 770 
154 913 220 955 33 756 449 526 
4 407 634 361 450 987 274 557 
277 126 152 762 909 71 498 290 

279 208 20 944 763 681 618 838 
10 722 195 10 844 554 200 134 
505 489 907 766 630 616 618 98 
798 309 347 905 974 369 47 269 
600 462 720 444 725 165 792 606 
16 676 198 597 347 454 585 827 
221 211 59 852 485 144 35 282 
706 794 68 448 756 346 315 941 

771 267 502 328 760 111 610 760 
52 53 355 563 552 988 15 817 
417 269 586 601 9 808 956 99 
466 609 54 702 385 231 61 387 
992 373 904 961 708 650 633 436 
318 195 837 299 934 609 989 461 
183 971 830 22 699 538 805 423 
658 943 25 118 925 70 624 535 