8 8
115 216 105 121 64 31 24 311 
89 38 98 218 42 201 70 56 
143 59 179 53 154 198 113 29 
78 110 71 25 213 180 53 84 
163 34 30 78 181 182 107 68 
5 67 69 26 115 132 444 128 
117 32 230 233 178 6 2 70 
290 366 182 47 12 3 46 54 

104 478 802 263 424 915 41 530 
342 802 181 255 183 16 805 223 
339 140 794 482 307 284 403 94 
279 66 663 642 178 348 196 846 
241 412 983 409 898 953 364 576 
753 187 346 200 155 116 331 721 
12 204 206 502 934 994 81 654 
318 914 447 68 926 90 352 213 

370 166 38 414 140 993 520 261 
361 919 351 354 642 967 873 464 
450 294 814 289 293 923 360 962 
689 932 660 563 610 907 901 975 
109 700 708 407 78 922 988 793 
951 625 124 94 404 33 559 756 
448 637 248 491 895 34 979 958 
979 459 501 497 326 576 936 595 

162 560 889 878 914 213 375 680 
608 626 382 120 884 833 115 578 
300 540 42 12 103 148 312 761 
488 433 210 525 53 422 122 934 
302 358 979 352 817 293 197 376 
910 650 619 288 503 757 814 568 
173 834 107 481 889 469 703 402 
912 118 538 402 677 835 212 984 

908 352 619 116 691 464 505 557 
618 232 113 274 59 756 853 769 
217 793 847 616 525 212 213 351 
854 787 970 430 10 276 896 32 
278 913 204 970 928 818 744 29 
859 320 125 104 576 868 285 994 
169 739 491 359 974 406 851 170 
609 395 424 18 321 173 328 461 

684 380 251 340 857 756 900 773 
731 292 174 159 477 438 53 382 
811 13 606 2 44 774 459 435 
202 760 884 759 786 511 103 376 
637 559 567 695 165 232 101 171 
179 332 886 692 777 985 422 134 
555 120 422 68 415 834 464 94 
263 112 664 343 67 844 501 225 

849 570 125 471 740 722 421 77 
455 802 659 809 272 268 359 29 
498 704 46 759 910 175 881 988 
812 686 808 78 661 928 188 340 
618 861 4 221 812 383 467 806 
386 4 737 262 149 929 136 776 
517 17 913 262 964 398 852 611 
716 613 357 223 992 403 799 733 

730 262 289 675 158 932 349 419 
876 5 588 620 319 111 568 710 
308 710 463 546 737 915 883 737 
375 94 933 954 509 538 91 687 
481 364 97 629 679 574 123 409 
559 146 850 416 139 467 344 262 
494 306 400 614 75 554 51 124 
246 125 498 143 860 190 574 806 

770 948 498 721 817 262 423 558 
197 310 914 761 904 451 674 847 
7 854 771 416 585 819 683 324 
390 134 470 274 774 655 294 24 
508 277 886 735 929 239 48 245 
926 298 825 21 461 792 216 193 
886 501 806 45 13 548 930 681 
723 455 685 143 820 257 320 950 