8 8
148 20 114 266 156 98 48 66 
157 49 87 21 41 274 85 116 
140 34 117 147 91 8 300 108 
104 86 48 53 275 11 45 301 
107 3 119 110 173 67 153 186 
32 133 75 28 42 459 137 3 
60 49 251 238 145 28 24 5 
252 454 17 18 14 10 20 15 

780 782 578 19 631 611 970 838 
157 808 987 166 588 753 516 343 
625 787 99 179 762 585 307 567 
489 667 206 891 947 601 63 811 
122 385 104 263 452 13 648 568 
697 929 84 674 518 590 924 514 
64 280 441 621 659 705 16 671 
731 291 908 641 576 786 767 311 

983 833 801 996 330 967 959 844 
412 844 644 197 407 832 241 70 
650 814 561 6 170 845 315 814 
283 967 588 262 211 259 561 156 
863 810 490 344 77 466 815 458 
344 432 158 762 196 499 807 254 
902 776 263 739 977 281 500 495 
801 329 776 335 157 312 648 743 

734 807 406 39 888 257 53 139 
515 967 303 237 634 297 201 619 
356 173 555 535 984 527 197 105 
635 841 37 573 16 649 272 783 
522 642 802 223 641 696 33 744 
612 707 483 694 179 935 577 318 
97 862 863 174 315 969 630 796 
802 492 723 648 278 960 334 244 

407 495 289 761 907 828 310 350 
564 919 883 610 665 275 182 304 
363 931 232 479 825 724 638 32 
460 152 487 538 743 571 181 46 
597 962 311 46 86 782 368 989 
817 213 575 64 383 932 838 330 
102 701 386 361 661 268 960 308 
585 171 990 973 937 260 471 360 

984 936 717 591 535 776 588 466 
862 182 633 975 426 833 267 254 
98 264 699 115 163 68 612 105 
627 142 654 51 51 736 922 424 
106 823 960 492 580 498 314 841 
763 409 922 768 889 655 162 720 
694 314 558 454 320 96 605 933 
394 449 777 440 295 780 953 592 

939 322 520 679 827 492 224 654 
146 894 372 526 511 850 754 405 
97 472 482 446 493 942 646 176 
443 261 915 856 196 138 913 636 
466 360 234 8 460 955 881 924 
69 132 785 888 210 215 292 859 
966 17 650 954 833 34 568 554 
492 104 990 697 370 120 171 346 

994 801 377 578 921 47 492 846 
67 923 953 734 833 952 371 516 
389 757 241 770 172 22 85 488 
473 11 66 384 519 584 771 659 
821 204 515 316 749 930 33 51 
150 661 747 282 160 867 971 578 
640 167 878 765 618 162 202 168 
907 991 691 750 129 640 996 23 

801 49 80 257 202 523 411 459 
112 33 749 182 123 912 464 142 
100 553 210 143 810 321 973 795 
573 371 516 515 548 485 340 641 
97 124 410 388 889 904 278 336 
583 661 739 84 83 585 626 31 
807 896 207 459 14 395 796 189 
93 81 940 880 314 709 451 888 