8 8
208 80 8 184 218 197 100 5 
64 30 39 91 257 38 34 447 
23 215 125 135 165 136 164 37 
88 22 207 5 58 213 52 355 
6 181 111 222 27 259 91 103 
149 37 22 14 71 155 536 16 
113 71 274 348 187 1 3 3 
349 364 214 1 17 1 20 34 

605 670 503 163 316 306 744 583 
931 947 253 195 181 677 333 735 
924 552 651 229 697 836 767 331 
725 534 553 945 509 260 451 256 
253 725 115 914 39 838 909 235 
295 769 197 208 986 178 168 558 
256 648 499 452 802 463 793 231 
142 328 22 268 723 441 229 731 

948 618 916 642 162 552 450 288 
974 175 122 860 634 474 462 115 
638 919 908 602 272 910 390 257 
188 100 402 952 304 685 459 762 
686 783 289 383 294 607 484 584 
170 610 165 276 151 851 550 183 
820 597 818 716 383 102 705 170 
199 975 793 996 137 138 308 294 

863 911 714 267 847 845 968 747 
691 727 470 425 193 310 780 258 
719 628 4 359 782 269 892 918 
87 597 532 224 437 673 307 583 
942 377 607 987 5 416 616 440 
779 693 357 935 428 684 320 331 
256 433 171 128 459 623 770 650 
590 247 979 173 415 449 535 126 

177 732 499 968 955 782 785 337 
497 831 355 738 248 193 726 569 
580 170 101 512 504 960 968 678 
727 459 540 199 451 30 189 176 
176 447 404 106 492 440 378 637 
962 675 290 785 331 15 494 333 
420 494 648 682 463 32 652 722 
226 53 702 487 544 31 501 313 

621 943 461 559 456 129 989 23 
344 49 950 626 314 945 955 529 
559 204 511 975 663 131 69 22 
7 164 257 129 508 526 472 555 
754 342 543 127 923 668 694 568 
28 980 379 991 712 583 248 25 
340 662 914 852 625 928 385 977 
624 493 925 470 843 67 541 661 

147 538 504 209 460 234 436 697 
447 966 572 717 587 82 371 737 
200 48 281 660 568 488 444 730 
420 667 637 490 158 816 951 448 
561 568 765 11 766 509 386 668 
134 125 100 609 86 207 231 877 
659 933 376 194 412 640 847 208 
903 342 927 260 795 459 242 787 

314 800 332 241 405 758 67 973 
3 970 814 162 473 132 137 161 
264 246 61 209 971 362 193 811 
279 868 231 487 246 983 150 651 
175 186 308 951 992 880 654 525 
424 751 459 657 126 262 13 164 
214 152 130 247 148 485 320 473 
635 37 965 43 200 915 731 87 

542 588 38 557 646 201 48 666 
803 850 182 488 977 264 792 605 
212 132 938 417 241 744 38 990 
942 960 250 5 18 701 988 885 
49 250 712 892 363 434 411 127 
162 307 285 501 899 585 133 353 
868 819 732 844 48 885 623 241 
852 441 799 207 4 643 100 505 