8 8
1 69 192 47 292 28 166 205 
146 96 177 62 37 145 3 334 
99 182 133 113 9 239 27 198 
159 182 132 158 183 38 142 6 
92 63 114 144 180 199 136 72 
119 31 9 163 139 158 350 31 
46 30 59 290 156 90 175 154 
338 347 184 23 4 103 1 1 

326 456 557 87 152 644 551 561 
826 6 586 985 667 484 243 209 
764 580 350 415 324 981 683 107 
586 406 784 520 810 497 943 50 
916 569 178 647 841 442 312 421 
329 735 659 439 224 10 707 94 
557 222 842 145 638 372 622 840 
6 933 436 251 691 283 877 714 

656 840 475 898 152 757 482 983 
411 556 705 558 176 438 18 939 
795 596 221 536 478 484 306 477 
940 73 713 661 316 829 508 191 
423 58 367 182 339 715 208 495 
141 142 894 266 756 447 952 799 
664 748 307 496 863 637 696 793 
486 668 790 381 193 557 857 373 

529 976 275 304 469 176 412 457 
278 73 371 431 676 206 401 893 
838 665 532 732 358 282 703 682 
657 764 280 182 239 764 98 532 
87 620 611 393 808 35 45 707 
20 772 468 282 720 316 838 173 
920 224 422 629 937 189 435 47 
745 537 733 748 514 814 953 658 

301 74 84 766 310 305 173 749 
752 223 913 142 644 528 565 437 
342 67 124 643 860 893 530 37 
271 705 792 702 728 834 353 697 
959 393 883 723 708 204 712 952 
812 238 83 68 492 104 760 159 
980 249 141 115 978 107 8 324 
89 361 230 354 866 29 101 392 

816 789 861 519 381 461 34 139 
758 491 716 564 801 384 154 842 
349 61 274 190 378 583 923 148 
723 559 150 160 848 560 238 448 
830 378 811 118 752 257 9 839 
144 617 189 31 139 719 368 298 
748 690 310 769 958 569 450 827 
775 495 184 845 753 92 751 273 

873 877 93 239 605 953 599 622 
731 80 297 231 464 644 590 15 
812 284 818 115 48 740 110 544 
587 206 325 631 240 793 929 245 
459 369 989 469 512 916 976 597 
98 422 915 483 209 979 489 663 
333 225 480 393 219 946 898 707 
557 92 123 807 599 226 843 203 

355 274 962 423 209 804 113 700 
165 272 788 677 882 110 815 316 
216 357 212 262 486 818 879 573 
669 560 714 916 563 713 326 167 
81 8 791 907 885 99 735 26 
333 748 598 464 880 295 543 222 
524 935 223 160 671 400 174 788 
743 668 31 562 835 115 832 888 

58 960 643 907 316 264 190 367 
813 426 624 45 172 741 820 759 
445 353 338 842 485 896 109 912 
116 346 565 394 54 755 414 218 
172 853 151 295 793 158 544 876 
936 355 750 901 311 441 837 612 
595 51 457 703 370 26 472 949 
811 836 653 514 831 339 18 783 