8 8
293 324 12 136 11 68 18 57 
182 74 196 234 70 97 15 122 
14 82 79 214 214 117 60 191 
109 29 173 17 102 209 83 205 
36 125 150 82 126 267 60 79 
194 222 20 146 15 1 182 207 
2 12 55 32 318 55 430 36 
170 116 261 81 99 104 66 3 

281 795 481 380 778 537 531 684 
170 136 167 987 251 308 344 741 
485 105 162 840 946 38 767 26 
679 860 824 368 844 255 880 241 
7 356 971 130 5 507 369 721 
437 854 241 909 684 782 617 39 
435 11 474 202 322 445 368 78 
302 554 57 162 259 824 82 142 

156 771 872 30 617 371 147 993 
614 603 2 93 113 262 98 698 
518 516 591 192 64 805 728 487 
993 565 627 972 203 547 454 101 
900 381 665 769 99 648 893 737 
918 122 669 201 157 875 765 140 
826 435 27 414 884 796 520 471 
777 905 687 487 306 648 289 784 

81 579 350 370 324 231 896 35 
804 186 503 189 54 607 175 495 
570 537 383 580 47 841 214 976 
643 266 886 423 478 586 941 188 
600 93 659 61 639 894 205 970 
740 523 43 845 375 888 395 878 
804 870 225 799 691 275 551 342 
538 250 209 516 971 252 432 416 

184 639 842 642 899 38 679 457 
346 242 877 269 185 536 414 941 
68 472 117 765 305 337 933 453 
47 985 589 722 920 375 390 44 
610 242 792 781 716 49 806 578 
88 208 161 671 829 350 110 525 
196 702 232 732 774 281 51 573 
514 100 357 903 195 977 780 244 

123 198 470 860 990 9 916 396 
627 977 665 411 770 123 415 214 
499 913 781 75 43 836 916 961 
117 38 743 961 970 743 129 742 
212 468 337 788 95 710 723 628 
573 307 62 515 245 13 859 767 
216 539 13 393 792 362 929 971 
580 981 602 467 231 757 610 215 

479 40 362 292 591 653 37 889 
907 110 513 247 230 474 729 303 
515 105 94 831 695 740 576 432 
657 221 395 652 529 594 927 2 
422 494 425 207 806 878 526 515 
40 115 294 837 713 145 786 420 
152 465 110 41 510 442 56 642 
43 425 56 969 273 225 731 175 

232 355 608 225 620 651 901 747 
59 131 426 510 195 760 851 914 
533 186 855 201 662 349 383 573 
904 12 841 322 956 446 395 279 
57 52 993 105 87 638 520 130 
803 584 636 251 981 395 226 103 
7 11 35 406 382 358 882 367 
923 186 530 233 846 940 505 43 

622 700 343 945 842 30 587 908 
824 380 123 364 211 972 411 641 
757 621 394 444 531 608 729 782 
53 47 622 77 969 927 442 851 
608 205 536 105 514 276 279 480 
953 279 816 505 516 745 195 828 
130 904 12 433 313 458 252 711 
335 42 412 727 964 109 937 362 