8 8
39 204 10 384 75 56 26 120 
187 202 222 11 17 143 122 44 
52 86 208 244 126 30 167 62 
110 325 67 178 43 167 97 8 
7 66 132 18 258 155 286 43 
303 44 10 44 167 3 103 260 
108 5 143 16 35 253 155 207 
194 44 167 54 184 130 21 156 

994 569 256 382 274 154 161 796 
513 497 405 867 282 469 913 419 
272 684 841 885 216 575 300 293 
235 939 299 559 738 227 437 461 
882 932 788 424 94 961 61 576 
44 255 386 129 604 147 451 146 
273 889 700 540 981 284 116 166 
265 912 83 877 567 820 381 765 

465 497 565 351 561 720 781 937 
927 550 359 94 693 149 1 857 
568 875 616 704 48 902 57 310 
14 736 227 468 771 949 153 702 
783 435 909 555 318 174 426 317 
759 633 815 85 33 295 16 540 
348 143 578 826 807 131 990 810 
788 261 783 518 726 127 531 233 

957 94 772 695 411 218 623 236 
873 146 358 397 884 753 969 109 
774 385 311 343 250 142 880 110 
634 652 468 916 418 642 201 318 
271 832 510 701 770 970 323 145 
922 54 496 649 907 960 407 459 
789 262 132 72 788 766 361 552 
792 803 40 671 279 143 662 773 

451 652 86 651 35 122 4 794 
976 241 726 891 329 347 776 21 
914 729 402 996 175 22 870 837 
775 152 474 513 676 953 160 400 
997 649 618 700 949 163 527 747 
20 466 590 354 509 673 412 207 
786 170 795 679 506 587 407 789 
819 91 330 887 796 532 210 987 

145 646 688 207 499 391 577 757 
434 557 94 87 249 702 36 71 
63 814 955 512 191 147 321 668 
388 325 531 828 646 716 126 364 
958 495 441 424 3 57 51 231 
757 964 854 138 988 212 168 436 
239 570 523 107 826 63 378 991 
670 975 193 288 313 508 609 683 

102 955 429 64 906 866 478 632 
561 703 286 458 507 985 718 805 
917 793 290 820 299 728 544 670 
810 464 802 590 40 617 481 908 
125 488 878 628 81 54 67 748 
881 152 553 683 186 664 176 422 
618 60 536 536 70 318 823 23 
334 27 365 706 946 311 128 571 

316 426 955 44 536 182 440 997 
734 983 882 896 381 861 542 46 
195 33 224 829 468 470 788 13 
748 873 436 673 375 770 18 484 
72 182 438 128 588 381 547 88 
568 373 733 244 849 189 452 172 
813 7 736 231 799 824 928 962 
972 769 49 952 313 692 9 742 

599 672 544 283 487 307 71 43 
679 480 432 432 308 887 761 456 
118 179 705 769 437 643 581 687 
327 158 243 881 455 309 67 355 
430 592 310 955 280 622 807 47 
935 57 524 372 256 84 535 383 
159 767 832 918 825 201 685 473 
166 783 426 818 786 836 224 895 