15 15
41 81 70 53 62 42 96 72 21 92 67 25 83 67 46
47 76 45 19 43 23 57 94 55 17 32 89 54 34 41
50 86 77 22 49 3 16 71 14 20 5 73 63 51 53
75 18 28 40 46 76 14 31 19 89 92 33 26 17 23
33 96 36 34 43 62 16 39 76 16 29 15 59 25 3
1 18 33 87 36 66 69 84 12 46 47 16 43 72 97
72 77 57 49 73 98 12 39 9 62 8 71 80 83 19
76 32 30 33 3 42 99 88 95 92 18 22 73 81 99
98 95 78 83 49 46 97 25 24 28 66 29 26 9 54
47 85 57 5 94 79 82 77 20 90 38 29 15 65 72
15 14 47 69 58 78 20 32 95 3 35 80 64 59 73
90 96 61 77 35 51 15 67 76 17 24 80 83 58 20
98 47 36 46 64 62 67 35 62 42 89 48 77 49 1
49 42 60 4 14 89 83 24 28 51 5 49 82 77 94
46 53 86 86 83 3 44 51 49 42 8 34 37 50 60

70 392 339 385 45 211 458 428 127 187 308 301 279 81 207 
420 71 47 256 49 58 44 298 216 323 66 317 71 118 155 
268 10 107 475 385 492 424 17 328 263 122 304 473 406 139 
499 368 199 142 259 94 209 192 293 288 322 154 126 201 24 
103 107 353 427 87 498 336 429 154 142 401 333 185 486 344 
63 331 474 50 158 293 98 159 131 112 47 41 111 3 470 
120 81 213 136 345 240 20 136 205 128 231 460 105 255 355 
142 421 64 98 216 196 90 344 311 446 104 116 9 262 364 
348 22 460 189 323 112 205 256 128 462 130 117 54 436 130 
303 433 258 22 381 267 269 89 242 412 202 280 367 405 304 
471 308 56 278 209 477 245 374 210 288 279 371 44 52 165 
275 401 140 43 251 305 249 372 183 26 353 460 56 156 299 
248 53 462 325 434 25 338 142 334 417 307 141 43 495 101 
394 199 256 326 180 178 69 189 251 328 350 138 264 5 417 
446 365 85 164 110 448 165 210 76 371 412 414 100 244 2 

140 78 107 345 222 54 301 374 73 265 24 33 168 212 467 
333 325 370 431 329 443 189 423 386 319 481 231 141 227 395 
139 44 6 305 319 387 245 33 24 128 477 184 365 147 429 
163 429 452 326 41 402 43 252 376 70 389 323 366 340 320 
67 483 253 77 29 194 71 199 157 456 238 293 121 244 342 
410 178 314 288 284 329 448 205 388 483 334 279 284 302 14 
105 329 383 309 395 290 24 111 290 239 144 117 354 123 120 
87 167 497 412 349 228 131 85 10 276 304 319 184 453 77 
393 197 176 96 274 340 27 429 171 236 330 310 370 74 394 
212 392 17 329 56 10 382 423 277 254 60 190 116 212 7 
232 264 138 179 56 436 77 93 262 144 370 18 325 134 391 
321 308 350 361 195 427 50 442 26 50 332 73 489 61 70 
83 23 16 319 155 55 495 50 395 391 186 264 290 62 208 
456 443 75 188 210 478 103 389 239 379 89 146 44 254 122 
265 484 429 116 303 202 33 432 400 142 395 447 107 108 287 

328 77 146 180 438 80 51 474 141 459 266 191 78 83 418 
129 180 51 426 326 113 440 9 7 218 480 413 399 114 356 
440 158 183 47 313 386 273 283 77 435 372 333 371 32 368 
298 10 50 171 148 243 16 456 312 289 252 370 387 438 14 
309 497 257 152 112 34 397 425 474 181 395 53 325 291 230 
349 279 301 498 426 262 34 22 117 292 240 405 133 342 203 
224 56 168 65 271 240 257 245 342 217 436 236 422 268 356 
128 198 301 440 24 84 280 133 120 164 380 437 410 285 287 
15 97 114 203 176 177 462 70 68 263 13 340 412 352 79 
190 54 100 183 96 121 28 462 313 456 366 185 310 276 448 
457 489 55 280 418 295 221 279 482 18 454 334 332 447 394 
438 279 266 268 377 402 201 219 329 418 339 405 54 198 427 
218 439 363 462 274 480 404 218 98 313 386 382 117 308 87 
490 303 55 239 174 458 419 110 208 248 424 251 229 357 426 
295 127 283 233 371 413 63 477 149 54 263 486 135 79 4 

377 125 154 156 49 341 135 207 472 307 342 478 35 412 234 
221 492 363 40 429 135 120 398 227 250 420 163 172 54 474 
98 302 210 362 231 217 176 193 489 94 5 462 391 91 215 
496 158 44 104 10 158 151 63 415 214 258 89 167 248 5 
169 178 303 178 361 467 494 484 310 260 103 425 338 377 378 
10 235 278 11 455 177 174 297 332 2 272 457 357 212 258 
282 450 352 48 411 389 242 484 184 280 300 421 269 467 179 
40 378 131 15 457 186 307 317 42 364 355 389 139 140 400 
391 417 16 265 23 72 393 9 390 213 232 225 397 346 408 
192 239 422 58 183 425 391 443 233 64 352 72 385 5 403 
16 197 455 199 307 97 107 386 340 66 82 332 142 211 253 
491 222 415 83 464 26 150 150 323 413 31 421 440 462 10 
135 92 104 460 177 176 193 58 494 451 288 265 489 54 181 
278 323 416 158 418 362 465 426 35 252 177 61 318 33 416 
431 107 320 208 386 140 218 120 366 204 237 172 487 30 193 

191 436 396 197 188 330 305 393 359 131 308 379 355 17 5 
146 407 333 183 426 228 237 139 203 466 34 352 372 57 116 
369 25 4 461 104 380 400 175 127 377 210 201 235 177 380 
271 107 319 231 393 275 380 399 415 156 69 349 239 291 371 
94 154 265 85 190 401 134 113 49 55 493 263 221 383 321 
286 327 449 300 37 377 482 433 132 8 493 55 92 242 157 
405 1 353 217 489 13 233 433 436 373 481 384 341 239 169 
1 423 229 112 217 168 336 134 152 177 14 358 140 147 233 
66 188 238 374 128 423 212 283 46 477 101 335 113 355 422 
365 316 424 218 329 280 263 330 442 260 262 431 212 31 250 
147 48 24 145 185 214 217 82 52 407 19 120 293 84 462 
451 107 219 489 436 45 483 472 371 202 335 460 22 203 452 
306 71 135 445 211 444 247 70 232 288 222 421 354 160 402 
370 334 407 170 132 220 1 290 21 288 56 133 163 432 201 
116 341 355 158 292 13 267 428 481 383 223 57 100 185 464 

366 362 49 71 391 459 257 53 120 13 197 206 10 131 259 
489 29 152 117 348 237 437 177 282 411 113 283 183 9 144 
458 112 309 264 224 208 241 148 41 185 477 315 306 458 8 
282 401 124 411 26 179 247 286 301 105 285 66 426 206 440 
354 78 241 410 471 332 91 177 463 271 357 481 227 217 59 
465 232 366 409 154 165 194 476 372 332 135 456 387 159 110 
294 52 125 487 282 434 101 415 60 414 396 12 102 88 35 
173 138 273 74 13 71 99 212 104 429 238 225 487 198 189 
96 1 314 170 34 468 9 11 1 8 434 67 351 268 257 
214 373 402 60 255 441 45 304 6 151 400 76 116 412 109 
305 267 372 161 61 308 497 482 154 73 263 244 295 209 230 
223 373 495 290 260 303 17 490 372 100 396 425 161 91 86 
417 371 224 83 204 299 318 331 339 252 394 331 299 436 78 
308 211 272 128 397 303 287 283 192 404 248 291 339 337 410 
77 200 43 370 159 242 280 269 218 181 386 66 377 426 300 

181 302 307 227 198 48 457 90 434 346 175 293 284 172 204 
44 141 469 33 51 119 137 406 203 172 166 105 69 200 318 
386 393 216 296 457 182 8 276 475 43 101 153 284 17 84 
115 492 215 363 427 388 223 394 198 150 69 439 151 212 325 
196 359 333 428 22 177 132 207 61 7 207 288 215 189 75 
411 166 49 79 298 314 411 12 494 359 73 310 455 11 198 
115 369 211 120 85 196 217 344 74 107 216 177 497 274 95 
182 259 275 411 311 298 50 492 24 314 208 108 7 41 66 
359 448 239 283 111 244 235 325 490 354 102 315 318 265 198 
74 170 336 445 254 208 393 483 36 226 74 246 347 460 211 
379 35 165 154 78 234 442 451 318 333 147 387 25 117 210 
47 467 277 223 358 125 253 240 126 73 494 262 73 140 286 
122 457 139 396 111 433 62 20 397 64 258 291 396 296 39 
147 335 159 117 53 334 27 326 178 136 452 300 426 433 281 
425 386 7 22 419 317 354 310 439 136 81 463 397 486 91 

280 217 346 99 319 63 217 311 81 150 62 488 281 199 17 
315 429 3 342 443 251 168 159 274 202 130 71 375 295 175 
457 476 492 443 58 308 80 375 18 396 136 68 467 473 168 
70 160 342 483 45 345 385 390 479 58 241 258 223 284 153 
317 416 197 491 33 223 70 271 217 413 475 38 113 404 107 
331 25 7 238 82 69 362 325 4 246 476 65 272 335 10 
101 61 401 477 239 23 298 366 208 336 109 240 385 327 61 
34 143 137 63 265 440 21 360 44 300 22 417 18 52 75 
128 147 212 247 493 276 17 450 318 48 207 147 427 493 329 
19 335 454 328 57 211 99 236 199 290 120 14 197 494 419 
9 263 303 71 380 263 97 455 15 349 413 262 247 299 171 
451 459 417 185 442 253 149 158 84 349 398 298 259 89 263 
218 441 17 197 455 63 427 355 128 175 442 189 142 11 472 
145 12 175 396 18 360 429 340 138 395 440 211 13 313 116 
461 283 233 95 212 450 265 435 151 156 282 363 398 412 37 

145 85 140 475 355 105 192 360 486 236 481 482 273 250 478 
293 444 118 379 38 103 313 360 284 142 200 175 134 276 268 
471 84 427 458 57 149 64 287 382 188 178 368 75 179 103 
23 438 331 468 172 422 168 166 464 454 188 285 489 408 261 
417 303 477 238 79 499 110 412 217 267 73 379 147 357 466 
355 165 497 222 392 433 340 314 35 307 247 90 46 310 251 
265 278 192 246 416 195 106 48 46 410 354 130 242 211 64 
66 49 81 111 266 90 124 454 234 282 378 116 292 485 80 
199 57 463 366 20 171 158 106 109 39 283 78 382 317 378 
320 82 405 461 275 192 294 318 301 185 82 23 34 299 193 
151 287 498 374 59 293 311 113 7 240 226 69 470 277 214 
240 251 456 331 4 212 354 192 352 365 209 262 72 259 167 
51 363 437 282 98 110 1 351 320 365 371 384 237 352 4 
154 461 360 143 179 106 385 48 137 464 215 305 365 439 316 
359 206 315 475 85 203 211 315 18 7 154 27 369 24 49 

434 150 370 385 431 137 266 143 469 37 410 131 307 287 224 
308 375 482 111 246 496 180 499 206 6 144 268 458 84 168 
32 416 137 470 251 52 159 285 330 338 410 236 475 366 32 
444 340 333 220 58 153 148 362 19 56 457 333 51 273 477 
376 153 332 105 169 90 481 445 235 174 38 461 172 111 388 
96 57 154 461 470 485 204 328 184 128 254 332 347 55 449 
453 215 493 484 449 314 59 363 377 291 3 399 401 475 440 
489 381 329 451 317 197 223 452 172 375 110 105 20 386 279 
189 14 262 97 192 228 134 325 56 42 339 88 136 399 468 
450 91 178 235 186 471 325 105 261 489 14 94 97 48 28 
174 104 471 357 221 64 448 174 262 17 213 282 343 39 266 
367 316 64 494 428 417 208 269 465 330 366 99 466 269 154 
135 356 46 9 205 418 207 205 387 474 37 126 117 46 495 
290 178 192 336 456 295 178 429 163 303 399 345 23 344 248 
203 413 59 135 23 74 350 195 396 33 483 354 213 169 78 

402 212 141 93 364 162 431 12 381 177 188 266 173 478 394 
349 356 410 118 40 453 12 5 133 112 442 397 411 408 359 
47 151 336 145 113 391 415 173 19 214 420 33 303 301 414 
124 63 10 305 74 41 124 430 323 125 192 122 55 335 83 
254 74 52 80 134 94 358 325 435 401 459 91 385 51 165 
353 400 320 233 10 327 201 176 220 87 93 312 279 389 395 
478 165 470 359 321 236 339 487 420 474 344 286 49 380 464 
383 286 413 186 189 181 229 342 308 159 285 425 166 381 497 
271 276 253 388 203 37 223 434 487 87 274 459 495 200 311 
293 255 24 470 190 468 400 448 355 34 5 466 338 302 139 
366 88 308 335 202 463 354 288 1 32 328 179 436 483 117 
374 346 165 193 262 499 204 1 485 406 186 153 319 327 378 
49 209 387 184 263 34 348 280 469 335 144 144 195 46 142 
311 348 253 49 37 493 462 192 452 103 64 357 385 491 348 
327 308 162 204 248 418 430 12 40 335 163 205 69 68 198 

196 87 170 1 89 286 258 258 127 412 396 52 44 180 462 
479 277 245 14 203 260 293 256 13 363 190 58 437 271 425 
488 12 156 66 411 364 123 462 248 366 42 245 224 165 97 
439 41 82 329 271 308 6 235 371 444 291 9 419 110 133 
349 3 428 195 56 103 201 197 121 32 265 98 230 353 92 
296 294 22 149 386 394 169 213 423 263 27 176 286 303 309 
284 330 71 169 115 477 110 250 105 118 483 43 7 178 209 
449 192 322 73 49 96 236 331 457 246 371 117 139 427 237 
232 309 140 60 323 158 173 377 433 298 212 304 451 153 317 
129 299 68 68 25 29 313 131 214 23 398 326 310 451 8 
34 360 27 363 403 71 410 23 80 90 417 202 317 134 128 
120 198 103 158 53 12 201 400 290 309 386 494 431 311 339 
388 439 432 79 88 222 274 213 42 23 224 415 333 201 402 
406 163 332 255 375 438 186 196 48 268 44 424 402 482 81 
470 200 1 368 266 194 126 310 342 344 156 285 487 422 315 

309 324 166 407 313 338 133 300 255 197 282 266 72 442 496 
456 269 313 189 29 53 383 436 438 114 186 304 193 330 280 
211 326 496 196 20 472 210 52 249 92 200 1 470 298 213 
158 368 403 322 171 109 164 308 5 433 232 205 309 432 209 
20 221 215 42 143 130 434 91 364 143 49 398 143 357 237 
140 468 233 220 376 308 26 362 41 46 174 293 18 30 46 
50 373 314 190 384 269 137 194 59 376 494 62 396 149 335 
67 430 214 270 271 10 456 302 245 37 235 408 414 41 224 
487 139 296 418 474 199 96 472 467 251 304 84 121 404 259 
445 65 120 411 237 114 440 86 92 245 329 317 397 482 265 
318 317 111 340 211 331 498 259 308 435 206 192 249 154 207 
478 295 430 176 272 394 228 309 368 199 480 450 491 191 445 
112 16 4 182 496 395 158 353 364 163 194 351 41 121 312 
120 276 237 147 419 55 158 328 437 473 175 449 259 423 448 
299 89 244 151 119 372 461 261 103 119 378 446 75 360 86 

478 414 234 125 433 451 435 434 237 245 284 332 198 88 320 
346 493 486 41 321 398 122 395 296 366 47 248 445 287 14 
385 367 80 470 238 338 271 465 401 146 161 281 67 206 140 
243 409 5 343 37 291 283 174 404 253 451 436 258 297 403 
189 486 3 457 278 15 410 194 103 238 105 183 263 43 483 
342 381 64 357 115 271 102 123 187 138 453 6 215 366 73 
386 30 388 226 446 48 334 159 405 494 272 387 343 476 277 
382 15 22 40 248 212 355 453 233 266 344 376 120 395 169 
38 48 238 344 240 400 141 201 4 110 58 420 295 100 436 
80 254 34 57 74 17 231 56 112 473 471 92 396 360 301 
104 404 195 40 232 108 497 13 261 223 188 326 130 142 117 
328 388 364 42 410 209 351 102 381 331 44 37 65 451 325 
263 182 55 84 205 406 42 197 256 291 157 145 51 405 464 
346 72 444 174 183 494 102 310 320 336 463 330 232 231 127 
138 63 43 24 486 462 407 166 27 53 188 359 237 99 156 

162 350 82 390 171 414 462 267 102 116 75 427 48 56 354 
496 106 264 276 135 496 136 77 77 426 78 34 129 193 198 
48 176 154 248 399 190 287 239 303 339 384 336 285 404 262 
159 326 155 487 239 426 494 124 496 94 242 232 51 396 283 
61 50 9 134 254 445 135 158 34 426 241 146 92 476 260 
417 170 79 360 54 150 450 314 260 435 380 263 217 166 429 
338 215 385 98 464 246 33 30 468 170 315 445 282 468 265 
418 472 6 166 452 285 418 337 63 352 127 438 444 231 317 
451 490 163 274 310 262 447 370 404 342 133 2 81 113 250 
198 323 432 259 472 206 101 287 136 332 49 294 26 368 25 
113 113 424 403 135 13 35 225 30 191 476 188 387 281 498 
393 102 423 385 277 284 125 145 108 103 403 453 231 280 145 
221 186 494 304 41 409 352 58 10 140 390 401 166 332 81 
419 169 213 303 290 188 270 250 122 463 51 448 354 73 417 
237 268 417 149 299 442 313 408 492 10 227 28 39 103 91 