7 7
50 41 69 74 86 48 95
43 48 21 97 47 61 50
77 56 62 78 50 82 18
36 82 65 68 9 50 87
98 78 77 27 48 70 46
4 32 6 56 37 50 86
77 30 37 54 73 82 75

169 97 209 401 269 35 493 
381 237 342 314 110 362 17 
468 149 311 236 305 68 16 
115 342 354 295 424 48 97 
87 449 86 320 281 245 65 
59 468 38 404 415 477 489 
198 302 345 9 408 282 422 

307 143 497 47 249 436 143 
100 339 240 279 130 249 15 
486 141 47 61 74 185 9 
464 446 405 365 327 330 396 
210 93 460 97 113 259 388 
498 241 373 437 301 184 48 
334 28 470 286 285 225 235 

256 229 332 488 111 100 9 
54 431 255 7 329 346 118 
136 40 69 344 278 108 290 
427 54 343 77 41 220 100 
143 253 187 409 318 470 471 
363 52 147 464 46 20 227 
254 475 34 249 68 256 268 

211 413 191 384 15 123 391 
425 335 18 114 210 41 150 
404 87 345 205 261 382 37 
408 188 324 132 119 128 32 
370 114 407 420 137 245 351 
393 104 423 406 382 372 31 
412 83 129 285 487 255 164 

375 314 329 471 225 174 66 
271 10 185 381 144 453 61 
218 61 412 473 127 83 156 
85 80 483 304 179 251 463 
356 423 369 317 167 358 181 
213 385 488 242 283 352 498 
281 496 340 179 417 438 68 

331 425 474 227 276 407 189 
87 439 331 356 330 152 318 
380 232 14 222 128 156 426 
255 482 413 262 260 193 458 
96 187 218 498 414 334 155 
146 199 464 482 101 13 250 
397 260 495 27 136 192 301 

144 102 369 165 407 174 172 
266 377 187 256 41 431 140 
166 407 158 29 495 311 201 
88 216 419 409 311 126 215 
209 466 90 375 86 290 410 
161 1 467 123 70 254 314 
336 120 101 465 338 488 431 