7 7
97 20 19 36 83 92 14
54 42 37 61 48 80 55
5 50 11 52 57 1 97
38 96 68 33 79 83 27
52 61 72 17 58 81 54
98 17 18 6 2 21 93
23 58 62 84 81 26 80

975 646 951 774 784 602 765 
961 842 757 804 894 989 631 
510 841 619 704 820 598 700 
764 695 708 526 649 948 756 
502 509 682 521 972 766 948 
571 678 577 736 558 756 746 
733 729 562 802 537 837 921 

940 643 536 905 659 697 585 
874 990 849 854 808 670 748 
908 787 818 838 877 855 690 
583 668 779 775 793 940 632 
838 566 863 979 531 624 701 
597 835 922 787 838 560 996 
574 783 662 904 876 869 736 

521 832 872 749 659 810 855 
916 619 795 937 846 847 565 
730 597 987 640 557 905 908 
740 747 848 610 895 726 968 
590 799 515 623 980 855 836 
998 825 745 581 747 753 693 
585 995 980 940 777 830 666 

688 539 966 551 857 669 979 
652 549 911 513 945 597 641 
978 511 505 699 648 854 780 
689 567 681 953 882 706 843 
789 713 981 940 884 911 956 
512 691 747 774 848 864 943 
985 985 669 814 856 756 581 

797 968 607 731 689 636 932 
994 519 738 925 822 970 661 
848 903 912 993 918 888 594 
776 665 745 918 951 651 776 
622 540 676 517 629 601 650 
643 942 847 845 905 687 934 
709 537 692 913 979 819 888 

619 547 509 621 651 895 924 
866 587 607 515 823 555 714 
522 739 736 740 613 861 615 
805 791 515 886 566 993 591 
790 992 563 937 990 616 761 
852 923 957 968 742 850 820 
670 697 865 713 553 818 564 

574 810 553 519 893 505 735 
757 533 600 786 866 974 865 
610 988 683 532 854 916 589 
711 858 670 631 938 837 963 
710 638 811 560 683 522 845 
948 501 522 907 588 899 987 
628 683 945 636 950 952 574 