5 5
93 41 60 86 5
96 63 81 6 4
17 62 46 81 50
61 55 26 85 78
37 56 82 34 98

780 784 587 881 771 
774 693 605 921 671 
986 721 655 600 864 
815 750 816 766 815 
615 682 712 888 803 

896 572 923 859 971 
511 783 601 822 578 
905 830 887 910 558 
742 555 672 715 702 
736 984 969 598 980 

873 729 936 536 956 
665 631 801 673 992 
511 901 965 637 798 
713 782 812 785 664 
871 719 751 822 549 

954 942 919 918 918 
700 804 581 813 830 
802 819 636 599 535 
884 632 934 906 905 
948 775 991 804 884 

544 865 762 630 596 
859 579 642 613 777 
736 757 556 715 808 
956 828 545 986 521 
868 939 900 561 619 