5 5
80 3 65 98 9
79 69 51 51 45
65 37 75 53 91
39 95 58 49 76
54 29 27 68 93

171 60 449 466 239 
190 67 131 333 234 
303 75 95 149 380 
346 256 242 38 67 
458 359 375 482 260 

109 241 55 5 338 
186 452 418 481 149 
41 227 365 448 66 
447 32 474 330 425 
198 61 493 429 237 

106 232 348 308 47 
91 349 250 268 54 
483 203 130 327 283 
151 257 346 278 292 
42 16 303 139 236 

130 216 96 390 92 
363 454 3 80 59 
119 23 2 160 402 
346 383 112 357 25 
52 129 166 468 294 

283 446 354 76 62 
101 306 33 421 489 
117 397 317 64 456 
13 452 82 10 497 
48 146 69 380 15 