10 10
97 81 70 64 84 18 72 14 20 19
52 43 16 10 78 11 54 98 64 20
59 77 45 88 21 36 77 30 68 88
41 64 26 77 19 34 37 19 56 3
63 90 42 48 62 31 66 61 77 3
77 99 34 60 71 40 36 38 13 65
56 22 84 89 1 70 2 61 71 45
5 20 2 38 53 48 49 38 71 97
83 35 92 30 92 70 22 65 21 99
83 54 22 71 74 95 3 93 27 82

878 829 644 693 860 854 832 853 776 818 
660 753 989 915 787 748 646 802 728 861 
594 716 923 602 658 850 892 576 969 939 
860 708 501 634 696 622 986 633 573 674 
803 995 970 730 761 570 717 650 889 573 
954 633 989 642 594 687 765 661 970 600 
632 625 775 812 774 719 703 738 879 970 
905 752 696 691 963 928 938 695 725 673 
803 775 872 956 977 669 684 975 953 708 
664 501 684 941 862 732 798 581 517 703 

923 691 969 588 744 589 888 522 588 642 
684 501 676 606 590 517 645 651 507 738 
885 823 983 653 602 624 991 582 646 595 
638 778 539 797 862 530 928 547 524 848 
587 635 881 734 663 938 855 950 517 537 
581 890 851 520 744 707 834 758 566 708 
828 823 516 562 956 757 656 732 886 806 
613 705 968 794 676 955 915 762 582 803 
839 938 647 888 625 622 631 869 697 754 
533 655 794 700 985 564 605 849 793 995 

531 504 790 684 758 631 855 922 705 913 
823 866 554 950 639 614 522 938 687 660 
938 810 738 671 842 541 518 536 625 703 
742 928 801 866 930 513 758 799 524 690 
851 679 578 605 827 896 903 624 771 665 
684 724 936 880 695 849 738 967 541 667 
683 900 970 738 541 546 984 777 972 502 
865 971 716 913 781 910 920 920 626 589 
982 877 621 654 645 675 503 702 858 584 
991 889 674 874 666 882 911 549 961 734 

842 727 816 525 680 722 845 996 992 842 
838 590 947 604 820 739 712 687 742 751 
827 526 502 705 877 955 852 749 797 821 
771 879 570 969 751 764 907 754 517 845 
676 673 957 979 524 976 518 807 904 791 
794 908 909 810 845 767 781 547 793 829 
797 589 681 734 851 806 722 759 977 608 
972 891 974 682 894 607 555 607 517 800 
625 644 591 800 971 586 565 607 544 511 
834 860 908 698 931 893 538 805 646 896 

833 946 966 633 794 963 739 944 539 934 
897 940 746 534 552 582 647 924 892 604 
699 661 665 872 622 822 788 872 508 508 
746 864 519 604 811 630 539 655 725 987 
775 648 575 692 647 656 592 787 924 629 
728 853 701 899 952 531 559 553 548 556 
900 783 909 701 540 991 599 823 950 558 
644 664 934 644 566 798 865 729 822 547 
630 723 507 846 897 685 531 788 721 623 
675 687 795 537 882 547 584 787 920 890 

530 585 593 848 919 858 783 759 836 761 
818 568 604 872 982 593 820 513 544 619 
525 581 852 749 920 773 690 890 905 506 
781 834 747 593 582 696 887 950 745 555 
540 656 507 750 539 577 787 897 649 733 
981 950 554 825 825 660 524 900 726 704 
838 556 558 556 639 573 667 743 616 899 
836 965 648 671 726 533 941 981 929 963 
715 618 966 574 961 800 900 620 868 857 
803 829 603 738 798 944 930 552 772 962 

920 893 645 545 692 939 610 900 579 709 
546 693 528 948 725 539 563 909 687 668 
848 574 986 511 875 856 930 917 850 782 
807 560 625 764 805 617 790 597 580 951 
855 992 550 645 716 812 632 893 939 571 
834 904 739 800 546 707 642 729 718 937 
685 880 902 650 690 987 567 748 560 854 
979 951 872 576 832 761 985 765 558 805 
927 957 813 542 533 615 894 569 783 684 
581 890 837 521 854 709 726 851 637 951 

544 576 872 566 994 915 537 805 597 841 
821 819 934 961 819 908 519 843 586 849 
559 579 639 921 785 928 507 516 779 529 
648 725 921 907 862 543 608 809 952 763 
827 715 841 909 558 633 989 984 783 695 
721 997 711 715 526 795 572 972 711 585 
995 720 754 530 748 998 900 718 870 772 
589 663 710 993 983 982 867 762 601 942 
795 801 836 950 990 528 578 768 657 821 
606 822 742 529 725 589 635 978 654 731 

708 533 642 871 596 948 974 585 966 773 
642 673 806 530 661 820 930 749 526 767 
693 892 694 818 607 730 653 553 548 662 
743 915 522 793 673 780 647 570 821 832 
901 996 745 502 573 790 504 926 800 924 
612 730 789 887 854 536 847 866 908 841 
703 552 655 687 538 917 752 763 707 838 
802 667 590 712 892 933 622 555 918 750 
836 656 801 990 774 661 605 771 691 554 
607 909 815 504 514 618 761 659 580 782 

843 595 845 929 503 646 505 594 705 778 
539 552 982 688 993 995 505 518 897 527 
687 836 819 973 906 785 653 562 998 840 
609 744 726 703 723 823 751 763 612 505 
917 511 663 756 760 725 569 539 703 950 
621 518 608 607 739 974 644 717 912 985 
516 723 795 536 989 696 904 753 603 557 
630 823 695 945 750 613 569 842 666 718 
604 625 841 821 722 839 718 730 512 976 
923 674 628 764 578 886 562 641 675 613 