20 20
63 8 50 54 58 51 93 61 50 44 29 13 15 34 22 93 27 36 76 85
34 27 20 25 37 6 57 23 14 14 83 63 24 30 4 44 62 81 37 27
93 88 21 6 84 18 96 57 3 26 40 28 70 85 36 26 5 62 68 37
57 90 93 75 14 23 4 64 52 42 85 37 39 83 40 62 64 88 95 34
28 52 26 3 37 40 95 49 9 44 7 85 98 68 5 60 79 71 28 19
22 57 91 71 41 70 59 97 83 88 38 38 32 23 78 85 88 99 80 54
56 61 95 68 59 89 49 91 40 61 63 41 12 90 71 98 91 40 28 29
98 45 61 83 50 82 42 16 77 47 13 78 84 29 3 38 85 75 76 36
77 71 31 73 12 18 99 91 78 55 17 87 5 46 21 97 91 93 94 90
39 60 38 77 84 39 85 66 99 88 92 17 76 25 86 53 79 43 78 50
92 79 3 88 27 22 8 19 11 51 5 2 67 79 84 25 43 18 74 11
23 50 41 54 24 19 84 19 37 5 25 7 31 57 1 19 67 20 48 46
87 57 12 9 49 56 88 71 77 91 97 24 68 73 29 53 34 77 58 38
48 97 91 60 89 76 50 11 19 99 91 64 67 10 36 87 97 62 62 72
24 68 62 69 9 57 90 31 42 57 18 55 88 2 75 26 30 99 4 15
9 69 97 99 81 99 72 48 22 60 10 7 82 74 33 2 93 81 8 43
40 22 79 8 49 81 17 81 62 62 16 91 18 10 63 28 76 55 57 97
12 75 1 62 53 39 26 24 15 97 77 33 96 88 68 44 24 78 36 22
26 25 98 84 3 65 38 75 94 40 54 53 64 31 78 49 54 27 88 58
44 96 7 76 49 90 65 70 74 2 16 39 85 87 81 20 56 55 1 24

702 945 857 882 790 987 884 902 971 562 875 726 686 506 968 767 843 949 854 607 
568 836 599 987 728 683 984 562 543 588 977 507 980 621 589 545 804 617 519 640 
665 501 722 981 913 722 592 635 845 948 831 573 672 896 911 871 743 539 920 563 
620 545 784 871 843 673 801 893 722 627 897 847 631 626 826 933 544 809 768 528 
554 684 757 596 676 611 904 853 783 529 523 686 583 765 662 758 746 709 889 509 
796 519 621 539 515 769 710 691 719 727 836 670 679 613 575 790 838 884 736 926 
740 776 599 946 786 642 892 799 616 550 528 742 765 524 889 596 804 803 925 654 
684 802 554 673 763 678 657 602 950 733 724 726 677 616 801 794 942 567 632 647 
815 515 796 867 825 591 538 946 799 783 811 628 795 615 601 946 717 730 576 723 
651 843 858 863 854 845 889 823 651 506 962 772 737 956 544 792 981 726 713 527 
861 785 669 729 845 859 851 872 622 687 703 794 739 611 714 734 798 893 732 768 
635 819 910 722 708 526 640 647 629 710 575 784 729 788 798 719 545 617 544 747 
535 647 814 769 799 821 565 682 778 801 925 533 675 854 768 527 548 570 527 746 
562 909 534 882 869 778 689 576 752 971 535 858 604 940 975 679 950 881 972 567 
562 515 571 667 918 779 975 751 824 977 541 570 698 599 854 540 601 683 706 879 
534 898 899 957 687 657 931 939 852 587 859 825 503 591 594 909 508 508 986 908 
802 746 528 563 882 661 545 596 512 793 776 503 816 525 787 608 821 762 817 766 
942 907 794 875 972 502 908 525 544 669 833 793 878 846 775 995 660 859 837 631 
714 985 996 718 568 556 634 725 880 636 710 707 891 912 908 663 900 770 508 868 
604 554 509 718 604 940 596 709 896 554 934 636 565 646 954 530 653 659 981 785 

778 538 925 722 576 733 523 848 683 906 944 685 849 714 875 932 599 795 808 850 
659 829 686 558 660 787 676 739 884 755 603 728 981 584 715 602 909 728 522 644 
884 501 974 952 812 975 502 715 631 543 614 691 743 570 601 838 626 771 594 747 
801 886 820 608 642 973 633 668 607 713 715 921 953 861 722 755 597 861 937 678 
664 717 516 892 808 842 535 762 758 887 914 920 746 654 540 707 800 789 530 838 
737 904 776 837 513 763 609 995 546 673 810 788 507 790 990 907 524 907 718 822 
638 740 727 759 512 550 523 655 962 725 788 542 982 819 725 681 607 528 518 536 
640 581 557 982 553 911 959 903 972 861 985 788 509 800 723 672 840 795 833 623 
955 720 690 608 502 583 743 871 821 678 893 621 934 821 804 997 869 634 812 837 
909 729 572 503 567 984 630 847 677 786 700 914 877 559 813 802 882 958 673 854 
662 721 839 555 772 815 931 910 580 618 532 746 739 640 614 837 557 616 601 815 
932 946 812 672 951 571 806 656 815 713 967 686 880 797 962 692 742 953 962 653 
727 566 573 736 718 917 970 743 764 832 803 729 701 618 679 714 581 592 927 908 
737 556 851 772 528 705 636 654 801 780 685 875 890 677 721 639 923 937 830 772 
690 892 919 581 534 847 707 692 718 599 713 707 797 960 633 550 504 877 933 722 
559 658 836 828 985 752 972 782 970 919 773 584 722 778 786 655 533 590 844 997 
925 797 573 738 523 921 650 743 914 990 636 768 792 818 838 773 543 826 995 860 
573 611 887 820 877 882 991 526 597 853 844 573 579 904 579 982 515 610 707 506 
509 874 658 543 986 891 826 583 887 582 552 804 585 553 839 567 627 654 846 761 
826 952 550 934 857 767 640 802 798 567 673 899 638 698 772 619 656 611 665 928 

925 973 834 860 993 860 905 708 773 992 672 851 616 901 996 770 911 841 537 698 
562 777 525 935 511 828 798 594 753 817 877 515 871 906 543 782 904 955 927 689 
533 649 620 881 522 608 950 638 707 962 702 548 562 755 666 583 787 507 594 643 
853 600 692 700 570 861 888 691 961 529 591 858 803 903 961 570 790 657 550 822 
821 647 574 818 666 829 672 916 504 987 962 987 860 986 748 775 870 823 897 989 
938 694 564 685 765 780 814 570 900 654 961 600 514 698 970 821 502 583 605 839 
968 897 987 965 508 930 950 769 837 972 541 984 720 972 736 850 528 979 834 998 
917 563 617 795 513 618 561 825 879 588 597 591 795 550 957 891 729 691 929 537 
566 550 573 823 665 526 936 958 772 947 647 705 779 640 697 969 724 550 768 915 
658 614 952 938 807 558 725 645 608 719 582 979 574 919 587 705 811 817 764 752 
796 532 890 790 843 533 790 722 941 626 654 522 953 647 698 732 595 802 742 987 
562 695 802 984 918 819 546 686 964 686 598 953 771 551 574 877 786 949 532 534 
883 554 863 759 730 960 608 992 984 876 755 623 886 504 992 815 736 700 788 905 
843 722 764 808 664 688 669 921 718 643 809 721 596 796 877 751 602 638 927 645 
934 850 929 664 701 507 570 913 920 558 789 737 582 572 663 878 776 773 958 592 
726 738 946 789 585 987 967 998 722 830 681 983 702 808 619 905 584 865 801 630 
515 528 782 647 777 592 605 951 960 830 532 570 824 572 889 875 674 716 582 618 
552 941 834 729 863 659 595 862 553 765 661 805 549 543 652 676 562 586 755 813 
584 604 635 612 601 872 777 542 961 857 987 892 787 971 998 871 718 752 740 522 
789 865 744 647 558 624 985 784 515 895 907 602 895 634 857 762 690 972 729 957 

815 863 927 906 562 933 815 794 802 687 977 554 799 570 566 720 981 503 552 986 
998 560 931 752 629 724 538 853 545 636 820 842 580 645 525 966 680 818 502 616 
721 693 898 921 919 610 895 856 557 985 553 951 903 714 659 772 923 924 502 770 
870 535 915 714 916 788 734 804 930 868 880 638 804 972 611 817 883 515 643 977 
545 929 821 855 642 588 673 913 773 594 748 771 641 864 651 836 541 998 749 721 
609 588 922 505 549 658 794 936 671 879 621 627 872 698 955 668 841 533 750 925 
972 892 736 748 838 862 695 671 782 628 816 658 995 965 707 515 669 533 970 661 
527 830 947 885 930 897 989 664 506 848 956 646 882 705 904 818 968 879 617 705 
653 647 700 913 751 773 839 717 825 724 707 683 948 853 780 502 928 827 905 773 
883 921 886 584 791 938 668 964 830 570 877 988 760 775 957 601 824 535 761 611 
986 759 949 933 657 705 847 878 980 905 988 736 815 656 984 710 537 705 702 949 
969 624 849 688 805 567 944 563 733 714 687 564 845 687 867 929 980 819 954 935 
831 962 737 978 809 567 963 629 804 620 903 930 532 891 507 765 518 538 835 992 
641 695 861 753 817 854 903 610 988 781 590 890 849 884 566 923 522 976 828 557 
963 627 965 865 799 693 644 770 946 804 995 656 939 612 966 507 776 837 789 884 
528 508 659 759 613 815 629 664 658 845 969 571 863 766 937 680 831 868 648 805 
615 841 710 705 667 631 802 890 781 997 755 844 814 514 505 527 601 981 904 753 
830 925 929 805 958 865 848 517 989 906 998 600 682 696 679 821 695 861 534 829 
995 570 697 887 803 532 933 814 669 884 554 653 522 593 929 977 658 813 931 557 
962 790 967 806 726 964 876 698 920 668 823 663 828 565 804 525 578 779 789 659 

977 847 803 575 816 657 578 609 891 816 748 814 507 610 875 947 594 857 595 822 
669 955 558 813 567 609 561 795 859 530 547 742 720 918 791 893 641 524 964 803 
568 873 903 508 990 961 505 868 966 605 785 654 788 912 622 757 670 662 671 865 
793 808 982 685 849 790 548 963 640 513 707 962 966 777 927 772 671 947 689 688 
928 737 940 845 613 619 637 928 575 558 843 508 511 779 636 881 574 590 601 688 
963 598 867 729 503 826 987 922 668 791 854 967 902 557 669 772 713 948 987 938 
724 525 548 518 862 865 958 647 750 550 772 697 879 717 507 969 594 901 623 889 
762 670 888 674 536 884 541 864 887 601 988 727 549 947 843 903 939 923 795 710 
792 585 795 825 896 637 837 905 544 840 596 995 504 678 971 654 590 818 828 934 
743 575 650 539 552 832 906 782 719 674 570 685 743 849 745 778 690 888 506 719 
745 784 909 841 873 773 579 575 921 636 635 510 506 603 651 600 562 618 507 916 
954 630 934 799 954 720 966 610 948 540 776 667 502 657 895 815 742 683 799 678 
574 814 686 905 838 829 851 658 622 741 839 607 987 549 539 916 802 542 676 612 
727 674 535 616 654 733 591 804 969 969 522 944 621 548 681 781 813 542 581 916 
870 600 753 918 606 612 833 677 918 653 830 975 975 775 957 666 934 926 981 734 
686 836 822 879 896 737 862 580 636 914 726 820 834 947 771 992 662 818 576 582 
887 898 599 578 666 732 607 978 543 888 798 509 930 753 933 970 779 920 802 962 
785 759 507 894 564 530 956 730 796 812 916 644 664 593 691 908 637 730 777 975 
739 830 909 704 809 557 608 838 803 568 986 602 521 961 663 622 753 675 849 523 
663 698 719 642 598 737 979 953 522 710 896 753 914 671 852 954 832 791 672 944 

752 888 595 856 856 704 798 827 812 587 659 917 828 984 539 551 802 876 724 969 
748 803 606 758 528 577 791 683 958 881 968 559 519 788 985 839 981 981 841 727 
827 749 869 923 647 624 625 502 832 723 880 883 812 765 658 703 974 555 825 622 
577 643 705 857 646 926 981 995 647 894 535 969 622 945 849 924 859 638 666 665 
699 709 569 850 873 693 533 819 822 863 655 869 686 660 653 624 577 961 564 872 
533 788 642 825 864 704 610 741 527 641 812 624 997 946 714 834 630 749 858 663 
688 932 507 856 945 560 507 691 954 759 913 632 892 535 733 597 865 624 774 788 
998 919 620 515 535 586 531 582 872 532 578 698 834 781 640 821 972 624 773 501 
902 508 885 503 637 642 523 733 943 813 605 595 651 850 513 915 748 863 915 841 
920 611 641 855 744 759 637 824 521 822 969 709 536 794 701 601 601 785 779 974 
951 785 811 526 707 558 754 965 958 612 535 771 904 821 925 892 903 522 855 578 
661 980 728 640 510 658 715 818 777 886 656 796 768 972 567 982 705 617 572 597 
526 900 674 564 641 765 890 982 656 712 568 811 514 614 675 831 978 990 639 730 
522 823 821 855 889 952 980 874 870 771 937 925 912 914 760 715 846 573 563 738 
759 967 932 617 904 544 635 569 675 569 833 942 516 507 747 714 602 956 902 552 
818 559 585 586 714 995 727 860 534 810 507 911 813 964 897 694 708 907 541 632 
814 951 679 887 857 758 892 974 941 682 512 702 673 775 599 502 511 986 896 913 
946 795 867 732 990 833 792 666 761 876 977 825 947 794 688 707 811 986 564 618 
555 556 955 605 582 725 542 786 683 822 954 959 895 660 538 825 600 905 663 836 
830 991 678 804 790 624 796 688 654 711 623 928 620 942 546 766 767 578 662 686 

595 585 739 580 912 564 828 539 989 904 732 618 889 624 742 969 593 508 529 870 
525 930 798 629 852 539 553 772 926 576 630 897 857 646 813 859 717 793 949 672 
967 538 899 789 754 893 616 869 544 957 991 631 995 795 803 597 703 652 504 851 
649 689 675 894 984 816 893 905 557 716 544 929 685 650 542 866 771 688 595 669 
670 944 925 882 758 898 605 696 614 618 740 761 814 533 791 949 661 884 898 768 
691 971 553 878 854 599 689 527 549 558 635 905 586 786 838 822 564 899 747 671 
903 667 939 951 820 984 709 797 702 641 743 586 542 695 514 853 955 913 551 714 
640 617 520 608 865 964 920 694 945 906 519 606 956 747 622 527 646 607 955 659 
618 732 901 592 623 727 680 968 600 529 503 685 922 526 671 567 969 939 971 820 
983 713 643 904 752 964 666 555 772 694 779 736 933 776 612 903 584 506 503 701 
954 525 588 612 512 681 953 894 710 707 978 790 900 832 960 750 974 563 985 635 
615 795 838 882 827 592 968 636 575 610 878 765 741 902 800 539 811 757 867 655 
675 588 973 663 923 671 568 726 514 892 802 658 637 922 809 670 922 514 962 862 
832 739 582 694 638 564 989 713 535 550 989 698 841 867 754 525 878 769 930 776 
654 923 623 897 827 540 522 724 740 612 569 652 704 566 625 983 675 905 814 818 
895 631 785 857 674 926 592 954 911 953 964 517 746 932 778 513 834 943 773 925 
841 627 819 843 874 505 732 525 829 596 568 907 816 908 667 732 632 675 786 946 
631 765 932 971 748 661 576 721 506 970 886 740 932 547 589 938 931 780 937 864 
602 875 502 959 674 935 739 513 667 913 877 770 731 857 674 831 877 537 680 904 
723 511 533 607 647 547 599 955 671 513 616 914 653 802 564 864 948 994 979 505 

676 937 513 992 861 694 909 785 697 563 915 956 931 706 910 541 808 931 742 795 
908 814 628 629 966 864 576 742 883 606 867 543 959 834 603 976 664 972 778 564 
507 752 562 637 530 727 903 940 616 631 608 717 724 987 752 941 720 789 640 993 
686 816 980 517 578 636 647 862 804 556 757 761 663 946 512 735 720 593 925 607 
837 927 520 623 557 784 658 966 934 845 948 557 934 716 856 875 621 604 679 740 
567 648 681 728 997 526 650 917 742 635 837 580 799 927 528 952 945 777 714 559 
591 874 544 683 673 662 872 557 822 753 554 626 503 985 824 833 772 768 747 759 
560 767 969 947 569 551 507 677 681 984 927 634 538 640 822 584 925 923 810 595 
812 986 711 964 592 895 615 608 832 657 548 885 687 566 562 506 834 940 797 635 
748 721 763 784 869 585 599 617 981 847 917 541 962 850 806 864 908 940 765 712 
718 627 692 795 562 766 603 807 822 960 998 903 874 565 651 821 723 839 914 941 
946 918 765 985 704 599 534 567 822 716 885 930 591 576 787 551 701 727 837 785 
593 588 958 658 699 546 926 878 885 560 628 947 917 898 972 578 905 503 890 869 
711 594 860 874 860 596 925 972 711 731 648 831 665 688 879 667 749 535 905 761 
908 615 780 906 802 797 831 513 953 708 684 672 611 580 977 722 896 718 800 659 
565 617 583 798 569 950 921 789 984 923 757 521 544 505 826 830 560 987 536 797 
990 660 673 955 964 596 706 632 876 780 938 854 931 869 665 566 515 610 532 751 
957 608 946 835 946 505 771 619 839 625 746 786 980 899 709 987 717 960 991 654 
749 801 599 578 639 793 933 684 745 504 887 981 596 510 978 597 815 518 940 931 
671 816 727 876 839 573 638 750 823 789 646 807 911 634 874 728 843 851 995 686 

817 752 616 891 612 813 719 690 662 895 946 881 807 511 627 700 642 941 718 571 
505 518 620 901 724 669 945 940 875 641 972 889 573 633 919 995 816 513 904 578 
812 775 869 966 896 719 649 604 924 593 553 571 604 968 675 828 749 662 753 739 
655 931 848 874 925 831 799 515 780 895 578 883 762 728 571 945 713 978 895 998 
585 864 570 823 909 896 772 687 706 962 952 992 503 758 955 585 603 581 502 602 
919 669 771 976 938 512 741 908 839 648 879 879 685 769 703 503 551 870 948 544 
607 638 848 941 952 810 888 967 587 817 602 502 967 581 747 902 956 786 659 995 
909 874 727 813 577 806 557 612 794 632 959 749 887 643 878 841 790 951 643 680 
906 920 723 852 781 976 776 583 532 719 609 991 622 591 867 755 626 992 646 939 
990 677 985 894 948 550 759 572 760 762 613 699 502 650 799 570 609 518 645 501 
859 849 833 865 503 719 778 765 622 696 765 803 967 796 593 769 980 509 945 738 
958 943 822 652 906 705 933 738 721 769 759 997 587 679 547 965 658 646 545 691 
813 553 570 853 521 968 501 538 814 572 604 832 671 589 689 652 529 797 936 531 
541 648 925 517 747 546 577 995 722 888 845 769 819 842 506 898 532 786 570 736 
772 879 615 545 801 835 828 772 955 504 557 733 574 973 595 639 541 880 630 897 
774 573 896 969 727 739 532 954 578 667 988 823 727 912 978 981 885 914 887 859 
820 981 653 535 895 758 611 635 802 876 511 924 742 574 683 989 646 686 654 995 
780 531 587 856 817 550 512 833 505 744 767 895 538 571 878 959 940 968 559 996 
506 855 913 643 543 506 899 660 781 882 673 809 630 598 863 556 509 905 745 658 
971 852 901 555 731 826 982 850 788 959 850 748 559 574 652 652 739 835 934 690 

716 687 908 975 960 930 516 645 577 772 711 864 555 758 774 966 652 766 608 803 
954 935 592 927 787 616 670 813 716 892 940 658 544 766 949 688 639 583 808 797 
543 573 752 587 881 842 530 763 818 574 972 677 541 860 585 750 952 504 728 979 
625 862 961 634 795 972 900 812 707 968 593 677 781 925 562 733 870 939 761 812 
531 874 724 728 795 783 967 543 904 788 954 996 551 510 678 716 578 887 659 876 
760 813 882 582 875 593 847 987 689 627 708 730 649 757 800 666 578 923 858 543 
735 938 854 537 505 577 658 933 645 514 969 716 685 819 892 745 574 874 769 969 
916 603 861 986 735 832 825 630 602 719 767 802 876 850 614 641 979 528 869 671 
974 696 703 771 760 791 936 724 866 620 787 774 935 853 782 758 536 831 722 738 
992 503 600 740 510 623 702 506 905 867 861 601 748 769 907 612 618 571 940 566 
812 877 538 882 996 632 671 817 697 692 691 518 840 682 605 886 573 600 904 629 
630 689 670 789 735 843 725 782 808 979 883 896 524 736 574 649 562 989 826 565 
860 560 885 763 914 844 940 839 559 621 705 853 736 742 561 650 519 726 557 613 
580 629 712 730 811 735 646 513 691 548 685 948 636 506 821 668 975 722 803 756 
529 959 612 665 908 700 774 687 603 551 613 612 509 554 656 558 605 749 862 868 
531 838 613 550 746 922 890 737 741 905 957 662 692 844 796 873 560 807 998 701 
995 570 896 649 812 507 676 566 758 561 975 977 523 885 981 611 748 759 965 542 
610 812 993 976 626 933 596 835 625 906 819 612 640 552 624 577 599 586 524 869 
510 774 780 555 716 526 784 744 909 523 920 526 949 737 899 520 717 605 912 624 
608 670 935 656 856 541 741 856 687 722 731 524 702 706 759 744 640 740 868 642 

847 689 505 771 946 956 723 897 882 762 792 665 952 704 932 570 548 517 976 795 
537 516 676 944 516 687 648 628 960 508 997 971 878 889 730 579 817 687 880 602 
507 927 987 951 527 643 846 792 546 803 881 794 522 957 539 624 877 681 511 581 
530 681 996 962 516 648 733 642 905 983 683 539 968 933 896 983 954 694 790 794 
864 503 574 531 907 858 622 913 905 947 951 958 801 946 676 829 686 674 720 828 
732 969 654 765 888 824 530 562 830 539 687 718 594 888 974 642 830 789 926 738 
733 995 620 623 871 564 515 943 908 933 956 679 811 907 760 581 925 645 528 733 
550 518 774 656 634 614 847 549 867 645 898 867 636 641 834 528 889 796 569 504 
814 907 757 535 600 590 631 646 834 732 954 910 921 577 805 891 920 835 730 848 
704 629 733 930 887 819 673 594 963 719 650 758 627 800 519 920 830 881 746 990 
559 557 855 671 608 502 915 599 628 608 724 921 883 558 590 940 855 712 858 769 
876 721 636 617 774 701 558 635 766 915 754 548 832 520 949 778 665 856 702 632 
714 637 839 856 553 890 830 940 697 950 931 618 715 712 589 989 872 649 701 917 
756 647 755 962 651 566 517 968 904 554 544 780 912 983 536 612 576 954 757 711 
821 610 725 581 811 701 974 539 644 755 992 958 541 997 942 903 532 736 801 541 
760 519 585 835 551 863 508 501 998 927 830 575 964 812 752 696 857 701 536 801 
801 867 848 535 756 925 752 995 985 998 611 707 940 874 964 647 597 535 643 828 
956 961 537 823 652 533 876 597 598 780 947 828 501 788 988 630 860 650 849 853 
749 787 611 739 727 622 911 628 904 594 673 963 540 752 913 562 895 928 665 681 
750 995 759 924 681 968 851 879 732 876 738 712 997 578 821 612 765 638 759 924 

613 875 538 730 974 611 748 815 756 830 932 617 965 611 902 713 784 655 833 919 
688 516 874 735 826 750 950 578 651 803 764 519 822 774 900 598 603 509 971 669 
888 760 985 639 906 548 736 728 550 583 902 773 941 561 537 934 823 665 808 588 
542 667 711 945 550 758 557 829 900 521 668 542 535 911 798 621 826 885 538 669 
564 835 779 535 764 502 644 580 737 648 974 869 672 915 520 869 791 657 664 752 
847 631 554 529 611 794 790 746 921 591 885 910 982 730 918 539 802 553 525 921 
800 928 879 696 519 811 930 678 642 788 662 800 503 972 601 927 533 969 851 631 
640 891 630 870 584 918 685 766 895 708 738 549 908 984 656 867 589 736 511 792 
679 577 514 843 679 839 998 860 963 902 954 725 778 788 797 953 547 686 992 561 
557 545 819 918 818 980 704 779 505 904 709 504 879 815 829 630 796 504 519 931 
690 777 854 862 623 585 705 877 779 548 571 942 511 683 974 824 846 546 788 917 
734 687 798 528 830 581 607 736 843 755 637 823 818 781 758 826 585 637 897 920 
897 848 943 631 987 914 660 682 652 533 886 960 872 617 933 976 892 886 948 782 
627 547 923 801 628 991 998 574 914 910 879 525 740 523 781 550 803 645 505 904 
595 920 533 640 519 986 884 633 817 923 820 954 579 902 944 582 504 980 623 586 
971 539 703 803 902 661 698 579 962 630 674 976 709 967 892 792 589 800 537 908 
856 934 510 846 805 583 847 797 948 747 977 930 661 595 782 906 922 546 741 734 
927 588 847 787 829 582 969 802 994 948 763 564 715 693 558 660 860 616 917 669 
641 818 987 677 848 761 640 653 702 866 814 929 940 994 562 557 739 601 561 582 
683 789 689 643 563 762 716 833 682 705 889 790 536 662 652 663 945 752 992 643 

793 837 789 813 527 851 878 671 657 872 560 886 506 971 622 653 831 972 819 994 
825 750 913 698 717 747 922 735 792 588 723 911 604 565 585 868 646 684 882 998 
924 991 546 876 987 626 525 996 926 682 965 960 558 586 544 704 695 709 897 950 
928 797 975 584 635 513 660 640 912 573 642 583 875 793 604 780 916 950 916 563 
627 775 851 832 586 795 901 860 557 756 783 559 888 905 912 856 883 582 973 839 
693 957 607 583 882 769 559 879 820 755 812 889 705 647 633 577 687 594 887 858 
555 949 564 990 897 715 915 706 842 518 696 725 582 887 972 859 728 821 701 927 
620 831 655 511 895 630 967 517 616 775 818 772 726 654 909 517 668 713 755 817 
543 863 967 620 779 889 868 934 664 592 969 733 908 934 818 905 719 918 789 569 
635 693 870 990 522 707 807 633 996 643 661 569 756 771 951 615 800 742 829 769 
624 707 670 977 570 900 584 597 776 899 924 976 870 990 695 782 906 935 732 842 
958 923 800 925 780 980 806 913 988 662 680 721 802 588 627 561 517 693 716 912 
809 799 768 726 528 753 660 532 831 665 873 725 732 612 733 958 572 560 646 863 
609 855 598 750 716 543 846 710 766 583 682 649 567 810 730 552 547 703 792 889 
686 642 562 656 775 744 906 930 980 578 579 702 565 694 659 595 694 774 670 750 
708 530 839 764 581 525 536 570 742 726 523 634 896 949 561 715 766 775 600 555 
618 533 513 706 560 593 550 560 551 910 839 535 588 839 897 955 932 592 943 676 
502 505 824 807 660 763 778 926 760 634 503 893 965 505 634 894 883 633 755 570 
698 940 616 833 792 726 566 944 808 890 897 529 570 553 542 643 911 827 840 922 
519 787 644 655 955 942 923 781 625 661 587 756 601 742 682 952 870 914 627 667 

678 612 785 833 962 843 863 885 553 659 655 698 547 524 540 528 585 673 889 781 
791 918 828 605 555 686 803 649 565 619 825 802 728 947 853 557 731 876 884 903 
626 573 643 807 956 641 506 899 940 643 602 873 608 709 658 920 649 956 909 947 
588 591 727 995 813 722 957 532 639 631 686 642 747 993 574 941 755 895 520 943 
705 637 672 670 870 532 726 501 563 570 632 793 729 981 811 909 623 684 652 551 
842 544 794 991 658 773 837 920 732 956 770 691 852 544 943 602 573 596 529 756 
823 521 674 611 612 926 981 978 661 799 695 822 905 568 713 867 886 552 628 878 
957 791 736 998 579 729 880 710 556 714 801 921 515 578 513 617 561 863 998 577 
760 789 953 786 991 950 791 587 866 802 863 833 647 618 666 924 910 693 736 555 
734 973 658 630 876 903 867 717 755 610 587 642 504 725 879 586 984 565 742 529 
640 579 592 615 548 676 796 868 646 774 509 821 668 701 816 698 747 749 668 922 
809 566 799 817 766 916 987 528 915 761 933 578 657 838 888 548 515 719 607 681 
638 654 994 569 552 861 832 985 976 839 501 718 601 961 565 718 787 543 651 973 
505 935 858 846 534 795 919 848 905 717 853 712 774 779 625 907 962 918 682 817 
519 908 815 907 926 558 623 521 625 911 789 552 939 749 935 952 680 839 650 724 
510 852 871 652 693 923 605 618 509 558 988 624 595 939 553 836 796 735 564 997 
891 610 877 913 871 787 714 984 712 955 653 751 816 859 614 565 641 556 528 622 
911 785 526 746 739 738 957 835 632 787 873 908 576 527 585 803 551 884 648 556 
964 922 716 661 979 897 864 786 721 855 857 813 909 973 611 805 664 670 544 731 
632 644 819 706 913 981 844 890 809 535 943 543 953 761 557 939 605 724 834 551 

806 746 783 701 730 984 805 623 997 966 531 560 553 963 512 683 622 983 877 948 
797 870 917 502 757 799 769 993 506 501 622 957 831 733 855 890 867 630 734 513 
876 508 883 977 582 827 929 552 514 739 858 970 947 876 767 517 765 673 809 929 
786 522 711 833 801 691 743 863 597 871 528 748 656 889 980 698 862 515 654 839 
515 787 627 969 780 649 557 998 900 622 988 801 632 895 830 943 734 792 997 825 
770 637 968 725 721 850 855 978 556 664 664 605 911 705 874 798 550 774 702 606 
527 660 828 788 563 962 944 693 605 729 728 773 788 711 977 935 862 676 980 707 
683 913 617 712 941 708 855 742 973 844 869 692 662 983 987 505 575 577 958 713 
806 505 529 600 833 925 591 785 664 755 735 549 727 992 605 686 897 893 841 605 
518 876 762 584 771 800 806 964 545 614 634 545 748 574 876 702 829 941 738 744 
640 690 611 570 586 749 695 889 799 978 776 552 511 797 581 716 594 644 633 802 
738 907 513 810 655 918 697 762 852 818 904 946 711 886 861 981 636 904 712 702 
870 981 668 697 509 561 541 671 616 806 627 796 885 619 798 974 520 790 953 871 
921 702 952 621 621 980 841 559 533 846 614 842 860 558 924 902 977 520 917 900 
526 789 787 603 998 564 526 561 671 966 639 932 594 582 826 987 685 785 944 779 
572 922 615 652 900 804 915 943 885 972 862 880 505 772 571 836 888 812 745 912 
746 536 636 937 833 653 594 918 618 746 744 906 920 757 903 678 942 664 995 865 
699 930 548 651 589 538 843 876 766 687 836 861 896 598 594 620 673 607 976 515 
657 591 801 929 658 603 652 735 563 931 747 795 528 814 622 977 528 608 723 803 
807 804 537 757 981 706 994 814 791 764 708 900 815 740 948 902 972 517 674 842 

924 863 926 526 774 673 960 709 531 982 794 918 881 518 615 824 734 658 782 749 
937 899 660 822 902 927 725 737 871 729 934 902 531 572 976 637 977 693 595 850 
520 546 546 618 938 695 785 740 549 597 795 716 908 987 972 936 861 905 754 829 
752 633 731 724 717 507 530 734 920 747 994 742 911 638 604 883 990 766 573 874 
983 867 571 906 822 669 607 866 963 616 502 879 671 825 838 660 946 729 952 501 
584 775 548 803 664 704 922 786 505 893 848 901 628 633 962 830 798 627 874 730 
716 620 703 602 798 919 913 566 678 540 892 844 920 844 850 695 626 694 882 739 
593 879 547 755 872 923 935 822 971 682 834 501 731 626 513 690 564 749 821 705 
851 535 907 718 654 575 918 756 773 557 646 528 992 630 965 510 915 745 947 906 
832 944 798 934 815 606 697 780 707 742 553 902 641 624 607 892 928 597 718 570 
968 919 811 567 772 869 664 759 856 833 863 511 837 989 660 808 517 706 729 929 
872 580 557 875 917 629 505 805 889 942 542 583 873 544 911 790 777 782 528 781 
760 952 757 834 789 523 525 716 865 513 792 604 698 686 867 966 940 906 585 837 
823 770 557 629 938 667 830 830 704 784 607 884 938 657 723 578 960 780 854 661 
846 842 536 664 724 961 506 835 790 695 800 573 951 530 603 617 978 603 780 924 
924 585 638 885 979 879 549 680 972 588 828 505 748 637 787 616 663 503 631 697 
524 584 655 610 744 827 932 881 995 703 582 674 997 988 882 821 873 589 636 745 
782 743 735 558 867 640 700 961 970 557 809 536 997 612 554 663 719 725 833 890 
640 813 832 583 515 796 988 550 976 957 929 657 597 683 914 573 535 787 884 600 
996 938 506 956 796 828 628 739 954 890 664 899 978 648 725 682 926 910 726 663 

583 631 841 572 872 980 869 724 918 951 938 926 833 838 932 920 897 813 994 520 
919 675 941 988 715 846 942 822 857 805 631 909 631 902 978 994 828 606 721 680 
766 599 975 650 649 614 878 631 979 604 616 930 649 582 970 853 552 632 813 839 
836 906 554 948 741 588 850 611 626 747 891 530 552 987 912 892 522 960 637 840 
973 612 799 620 919 907 872 694 657 840 649 609 620 623 742 905 525 971 734 993 
689 727 534 943 536 582 940 840 701 731 683 529 574 575 910 853 728 536 504 948 
868 786 802 742 799 739 530 796 722 543 796 806 768 606 517 975 915 508 783 656 
603 627 889 694 909 856 996 539 898 876 839 539 630 611 749 554 676 725 768 862 
918 911 874 996 575 599 835 960 665 975 631 610 765 853 597 985 812 607 711 779 
632 684 937 662 833 722 675 848 501 877 884 905 611 559 646 847 929 758 570 735 
599 939 559 635 688 585 573 888 739 899 616 954 558 926 864 756 650 867 672 766 
605 896 939 932 840 525 843 981 659 649 973 772 916 731 634 589 734 631 698 592 
631 610 947 829 812 566 902 754 560 697 559 964 965 942 926 543 660 942 656 677 
721 797 752 664 772 861 840 639 728 912 820 575 662 807 762 659 722 783 516 979 
524 542 918 732 735 510 599 925 580 996 745 866 878 705 984 510 603 925 662 551 
740 535 521 645 530 720 807 758 533 532 727 723 632 879 685 983 651 943 673 580 
525 659 548 596 698 793 711 835 743 946 855 516 740 579 744 774 528 607 814 764 
657 630 575 981 616 881 835 574 634 832 892 767 711 678 957 565 686 597 555 938 
929 636 570 990 592 804 696 542 557 508 796 532 792 835 828 966 934 772 998 720 
932 614 504 810 940 504 563 602 547 607 795 843 991 772 745 852 687 543 602 639 

587 997 948 608 931 636 621 673 814 753 851 502 578 942 918 907 599 840 774 735 
647 522 825 618 914 816 501 679 713 545 980 914 611 990 539 663 863 860 564 967 
548 740 998 994 866 770 602 524 670 563 757 974 614 543 706 902 572 976 910 600 
646 867 768 807 931 820 964 658 712 978 922 959 872 531 657 607 604 570 651 796 
588 533 985 692 926 633 659 979 901 713 710 558 720 625 886 781 688 743 610 506 
582 510 508 736 965 665 952 653 940 823 706 599 675 965 564 785 828 703 925 757 
809 817 825 565 715 984 969 898 850 718 739 874 580 956 684 877 753 672 948 709 
512 921 808 701 725 835 611 787 547 807 561 888 703 625 694 947 693 902 796 781 
732 626 801 851 581 758 987 961 944 709 945 766 627 642 807 505 664 960 988 725 
544 733 565 866 612 792 900 986 909 647 657 691 674 877 883 758 575 956 907 792 
721 821 745 929 849 908 785 855 861 844 646 518 750 749 786 654 919 722 557 685 
526 532 566 686 685 849 995 803 543 521 650 504 504 652 758 671 505 679 893 731 
903 507 856 963 734 896 865 982 892 704 941 612 609 850 635 802 518 867 800 756 
960 542 642 702 762 925 720 942 875 526 558 508 789 725 704 685 689 826 578 520 
690 898 663 894 858 672 868 597 566 871 914 542 644 780 549 861 556 977 943 534 
566 503 791 525 614 860 689 825 502 661 609 696 754 828 615 592 869 798 785 747 
948 522 503 984 978 529 597 879 625 762 714 687 970 837 512 966 650 617 516 879 
668 604 929 803 821 568 565 670 655 947 986 780 931 920 975 922 977 836 889 564 
570 550 894 875 963 908 774 928 576 504 636 991 871 972 586 692 972 729 853 717 
755 599 748 798 820 525 675 540 801 633 751 958 930 700 615 749 754 924 591 894 

797 600 949 572 522 612 535 920 834 502 925 643 549 687 874 566 793 782 939 647 
834 819 884 746 551 889 548 655 625 873 878 642 998 834 951 715 770 716 541 864 
522 890 706 872 710 956 718 572 778 892 732 906 693 557 954 628 722 675 986 697 
901 704 540 594 910 622 719 953 972 804 686 955 879 896 781 696 623 721 746 578 
962 834 653 566 657 868 682 964 511 891 961 703 813 516 875 614 864 705 783 684 
840 561 894 918 764 903 755 954 823 861 750 784 695 691 879 676 622 679 704 818 
863 595 619 646 959 697 962 515 647 767 657 860 751 655 754 558 517 588 678 737 
676 626 990 805 860 867 723 835 774 840 914 802 866 883 677 867 519 779 720 546 
790 903 552 887 778 834 730 984 781 824 627 735 738 632 716 720 695 735 828 870 
991 654 986 938 859 619 667 573 811 663 663 758 886 843 866 864 561 755 551 849 
628 694 866 543 812 893 953 659 933 628 735 810 964 504 981 529 861 551 609 938 
528 701 808 854 825 901 532 839 666 524 509 950 611 507 843 756 689 742 837 597 
565 875 851 899 878 883 758 809 625 593 590 871 683 722 870 816 831 666 759 746 
520 546 573 581 550 712 849 617 832 616 922 868 737 952 897 905 553 674 634 842 
543 511 969 856 974 924 587 735 941 602 982 569 505 968 909 814 756 598 773 702 
514 670 640 659 997 697 713 961 978 933 909 921 924 994 529 654 639 912 775 854 
976 601 551 850 834 643 589 816 916 764 528 508 696 909 560 656 887 960 854 942 
685 732 545 582 570 831 686 704 808 770 578 770 589 948 502 569 691 962 696 966 
983 991 529 650 886 694 740 803 995 863 989 792 701 749 859 612 788 526 875 631 
953 911 633 870 874 540 946 996 671 857 782 833 797 825 578 801 824 918 842 637 

874 755 771 869 633 640 677 709 843 732 572 913 586 894 727 655 920 617 804 756 
957 979 735 959 696 789 529 865 940 647 597 637 890 681 836 553 732 803 620 958 
511 651 717 701 789 831 564 575 764 599 815 965 575 877 600 552 502 703 924 554 
795 685 634 516 913 739 736 641 740 850 843 641 759 549 647 509 828 672 511 805 
607 571 639 939 856 562 615 581 683 590 920 763 620 893 974 710 861 833 535 860 
953 558 816 838 730 869 608 539 966 673 586 742 889 927 862 510 867 678 976 540 
779 583 580 892 823 851 959 510 989 616 613 849 540 642 674 957 804 646 535 672 
517 823 994 684 846 593 716 723 566 669 831 663 947 685 598 965 828 745 913 550 
544 574 998 761 797 882 953 690 589 755 808 712 746 821 680 801 744 786 662 685 
901 943 964 761 674 652 995 561 662 763 637 819 760 622 569 635 938 592 941 627 
686 560 567 667 623 648 714 737 846 801 805 836 671 590 969 731 923 514 563 535 
871 707 801 682 731 987 806 957 815 927 920 515 724 704 714 727 884 643 696 544 
553 695 623 517 997 638 984 994 698 624 716 622 955 625 653 917 783 624 882 701 
667 848 952 513 913 809 529 969 993 881 506 672 593 595 724 740 936 722 578 825 
575 594 871 657 714 758 993 574 508 853 741 993 628 519 751 946 602 622 753 960 
949 553 638 653 507 800 696 563 690 677 820 736 865 874 519 796 945 876 673 637 
537 666 718 954 696 801 535 889 619 518 918 519 906 575 837 829 509 992 828 957 
814 841 665 627 734 745 760 909 997 826 767 799 695 785 769 627 962 953 869 593 
719 734 914 903 524 904 737 612 559 521 760 848 841 661 678 823 712 509 677 584 
930 555 547 837 897 670 712 899 802 692 650 922 971 518 610 858 520 990 900 800 