10 10
8 61 19 50 16 69 91 44 61 59
24 84 98 83 60 13 35 40 81 26
53 83 27 93 70 95 12 29 44 48
91 35 15 18 55 50 29 97 39 84
86 41 97 7 30 75 15 20 33 51
48 21 42 98 22 7 3 5 26 40
16 4 29 59 52 46 22 67 79 45
45 94 22 36 74 37 76 19 94 7
11 83 97 37 34 67 55 25 32 35
81 71 56 89 33 1 15 53 72 50

192 456 350 276 24 161 446 456 283 397 
142 287 312 336 425 419 85 398 314 75 
155 206 50 352 202 254 414 331 311 302 
175 208 457 156 74 290 373 46 473 321 
267 61 305 457 35 363 57 388 444 355 
482 261 359 72 154 287 246 225 130 11 
111 85 42 494 31 199 440 218 355 350 
82 463 302 321 475 392 325 477 256 219 
86 248 367 277 452 418 104 401 492 464 
426 438 422 181 422 267 81 112 243 129 

139 480 274 210 8 132 174 309 203 398 
43 465 470 88 461 267 424 355 256 52 
468 272 385 8 8 498 245 164 17 23 
161 478 19 399 499 75 80 158 389 281 
331 370 157 411 69 39 169 38 60 187 
142 230 445 5 173 348 343 266 461 245 
482 224 142 114 141 460 118 132 491 443 
140 104 256 157 288 27 124 390 32 284 
241 200 25 217 228 467 308 223 256 358 
337 311 156 93 269 431 321 151 160 57 

438 340 251 51 78 28 246 479 245 11 
183 384 187 448 105 44 303 91 152 284 
207 189 293 12 4 69 304 65 244 292 
384 425 391 253 128 222 55 133 242 231 
409 445 4 186 202 367 331 226 45 246 
56 364 358 294 3 112 234 75 294 125 
369 255 404 415 277 366 370 455 122 398 
202 227 243 461 487 299 288 131 412 324 
250 84 222 380 483 40 242 343 411 11 
45 470 118 75 387 442 93 5 158 395 

46 476 151 274 30 198 41 365 10 299 
438 32 56 5 314 90 427 231 313 200 
246 17 36 268 179 391 144 212 124 335 
57 423 42 305 114 415 364 281 310 115 
437 312 54 377 349 336 29 315 230 53 
56 183 379 352 439 85 233 38 282 417 
31 46 147 211 489 265 169 452 88 201 
232 396 76 114 134 119 117 99 58 170 
185 468 482 164 263 30 209 417 413 322 
295 332 44 409 455 416 294 419 138 167 

384 144 338 440 371 9 264 44 279 319 
60 258 53 292 179 68 488 37 185 462 
494 455 344 298 246 481 349 409 354 349 
21 52 20 152 111 263 389 277 330 14 
481 224 302 271 187 137 415 225 462 200 
490 407 490 348 423 120 317 239 270 118 
158 134 302 119 379 203 262 138 297 489 
59 242 90 497 399 93 312 398 457 183 
383 152 394 393 255 215 184 170 440 189 
11 332 225 331 409 128 73 138 221 306 

160 463 12 499 122 378 343 190 455 498 
324 47 337 241 406 464 397 419 110 347 
51 86 333 112 219 131 19 389 224 49 
41 31 203 294 95 453 357 297 422 219 
91 464 103 258 244 348 308 52 208 31 
468 346 484 185 271 207 119 199 212 323 
177 390 229 264 421 476 430 204 114 34 
210 485 280 498 190 40 111 338 242 283 
260 37 360 143 129 110 272 420 396 277 
81 367 38 196 474 378 345 129 438 487 

78 371 470 181 294 80 284 429 360 196 
323 381 184 371 456 8 390 358 83 150 
163 349 495 6 486 51 348 168 64 150 
401 219 264 86 366 238 202 88 66 196 
450 74 81 14 253 249 18 254 397 376 
394 474 103 246 353 306 103 16 394 426 
173 24 312 147 468 479 67 37 347 286 
223 148 416 76 76 56 222 440 338 421 
212 304 239 177 364 403 409 339 398 276 
319 9 483 481 216 90 161 112 154 103 

278 362 114 497 359 412 194 135 190 31 
111 160 276 455 354 176 243 405 73 102 
146 238 172 125 409 186 88 379 25 203 
411 182 275 160 332 385 368 408 251 360 
491 402 393 35 328 321 319 23 252 341 
88 482 384 137 167 180 426 327 450 146 
153 97 403 441 292 455 292 360 238 432 
417 482 5 211 185 39 195 489 438 307 
60 367 336 450 56 473 49 174 261 270 
392 389 123 331 350 307 346 350 480 79 

206 18 227 452 8 166 418 99 345 327 
441 77 474 479 176 49 208 486 321 314 
93 315 341 366 270 394 39 72 256 92 
413 295 346 413 99 388 465 40 393 35 
141 224 166 406 241 95 11 104 352 250 
170 453 436 112 406 373 197 294 274 162 
290 254 485 142 58 210 324 316 239 493 
360 257 172 270 151 271 375 269 345 360 
498 133 174 105 175 168 99 239 421 21 
187 276 31 105 171 384 191 363 248 425 

426 454 434 277 58 102 242 368 434 119 
149 476 186 259 108 379 54 332 120 332 
136 493 151 137 276 281 150 51 199 259 
76 273 411 348 462 20 404 102 152 111 
75 494 203 452 140 397 403 315 70 173 
205 235 446 437 63 363 439 28 479 447 
328 298 471 352 85 295 152 270 315 201 
36 279 276 218 339 432 467 69 293 14 
236 49 170 18 26 8 153 91 284 273 
297 135 391 315 237 70 71 331 338 368 