10 10
13 1 74 33 39 63 89 72 34 62
58 80 19 54 32 5 20 78 75 68
81 74 28 54 43 66 50 21 24 98
73 26 25 52 60 18 71 57 54 35
31 47 81 28 1 50 76 11 11 18
34 36 70 23 71 99 98 72 21 68
3 61 86 74 85 98 31 18 44 86
16 15 54 66 52 61 8 95 81 70
6 52 91 39 9 63 90 58 94 26
82 9 31 90 96 72 4 56 8 28

966 978 584 766 830 655 505 838 786 716 
805 996 512 703 630 831 921 642 661 674 
962 777 780 647 506 620 600 562 703 919 
539 994 780 559 792 939 788 906 608 898 
775 648 998 888 775 846 755 609 765 799 
607 736 676 543 866 798 798 642 817 961 
977 948 761 850 745 598 940 870 810 545 
753 570 646 852 799 741 540 550 827 550 
518 987 880 696 955 544 954 730 867 507 
590 723 920 949 672 847 679 856 651 643 

557 770 751 849 593 514 639 913 514 919 
660 975 983 655 515 520 563 685 698 960 
688 556 737 610 944 729 949 768 826 750 
790 929 835 891 784 833 564 615 922 975 
864 814 529 965 636 739 911 822 600 994 
740 816 670 876 970 753 988 694 554 934 
733 762 743 845 899 596 556 967 740 916 
978 833 982 775 806 592 904 632 567 727 
948 987 930 543 769 528 923 947 963 835 
601 608 666 740 918 747 742 955 842 746 

611 982 594 845 685 847 979 661 851 779 
848 908 768 697 503 618 534 987 824 753 
700 904 683 639 905 840 646 818 960 706 
745 826 518 825 639 689 857 850 606 953 
919 745 504 582 520 984 912 636 807 597 
819 925 851 544 888 745 947 558 660 964 
544 760 578 972 751 720 572 851 815 653 
940 822 794 724 900 767 850 994 597 508 
658 662 919 654 625 854 836 517 778 980 
898 847 924 835 786 748 598 533 944 831 

942 705 581 518 569 569 654 834 715 620 
715 736 832 997 931 504 967 587 697 755 
889 981 850 740 573 912 680 797 950 872 
578 717 905 971 658 923 591 663 699 856 
888 928 949 621 837 882 850 608 951 946 
841 968 803 947 630 884 674 751 689 630 
677 724 605 615 868 841 957 740 831 651 
911 555 926 902 745 974 516 730 540 621 
631 772 623 808 662 669 693 862 842 758 
728 640 596 953 982 778 936 682 586 758 

933 763 844 614 815 638 939 535 942 595 
734 869 634 707 811 957 525 851 961 724 
753 655 948 537 759 766 878 808 808 594 
601 515 505 770 978 564 920 861 871 593 
666 618 788 756 976 973 918 802 807 795 
849 966 677 652 773 944 858 692 686 566 
665 782 759 511 762 507 555 974 958 534 
807 844 565 902 699 978 892 590 825 668 
724 633 586 793 603 865 735 797 785 606 
680 516 635 933 959 675 546 583 942 905 

832 934 582 613 746 961 587 831 637 801 
565 941 696 834 580 699 632 589 595 822 
543 670 821 876 661 509 644 650 501 624 
945 686 572 667 575 656 771 859 821 790 
896 762 889 636 575 973 527 982 537 970 
836 649 576 634 652 775 625 941 906 927 
526 670 626 596 920 779 549 501 695 521 
739 935 636 869 520 597 708 901 945 691 
982 710 560 672 985 691 623 510 718 995 
658 836 584 933 772 619 750 712 844 637 

963 633 880 967 844 824 679 548 790 679 
753 547 641 920 680 932 661 830 731 508 
919 948 715 866 996 847 657 600 814 650 
730 656 908 652 998 879 651 978 658 533 
809 855 822 735 644 798 920 833 906 920 
563 615 979 741 962 828 847 865 983 581 
784 726 751 912 730 826 680 599 936 736 
644 535 527 885 923 943 898 826 826 736 
766 905 764 737 986 885 538 958 954 858 
657 691 525 583 772 949 789 792 646 733 

961 595 912 535 876 744 661 710 609 984 
838 847 906 797 992 757 551 968 613 507 
693 918 820 925 865 969 570 871 620 698 
636 724 616 725 990 749 593 515 771 910 
515 817 663 727 507 962 563 793 643 789 
620 605 566 744 708 501 504 832 703 837 
804 855 652 922 623 778 980 705 881 956 
995 998 825 903 534 905 732 696 818 747 
791 672 672 738 735 948 700 526 922 915 
576 897 806 537 509 942 755 781 549 997 

948 949 822 897 512 726 529 707 675 879 
970 615 900 894 793 549 522 613 849 836 
848 648 863 861 927 807 647 530 587 932 
522 907 749 969 668 949 955 545 867 770 
893 834 507 579 785 940 828 991 645 531 
590 536 682 920 683 692 994 580 730 712 
701 948 525 753 921 907 904 943 890 900 
945 957 530 899 667 670 920 966 996 758 
508 780 816 733 890 673 800 743 753 538 
654 925 571 940 589 504 849 976 616 915 

683 724 603 689 632 623 747 625 896 876 
885 604 613 658 748 992 692 535 635 551 
768 787 658 720 955 870 663 539 968 641 
689 946 771 538 559 630 553 745 611 774 
738 744 799 765 702 860 985 899 594 670 
890 933 583 611 738 807 818 619 617 789 
606 709 569 991 912 945 876 510 864 715 
907 986 773 981 960 956 672 715 766 569 
902 531 545 607 854 638 759 577 692 889 
829 896 517 538 509 561 763 809 627 561 