15 15
48 47 67 13 12 91 45 7 72 83 81 81 49 57 78
39 31 56 31 51 74 55 87 44 99 63 40 68 64 60
26 48 7 40 98 21 43 16 55 27 16 41 98 86 11
23 43 98 64 1 78 45 3 13 15 89 59 40 17 58
21 93 5 31 59 85 35 63 73 18 41 55 13 49 56
97 40 54 89 60 14 26 7 11 17 75 71 79 36 8
89 28 58 19 34 40 76 1 95 65 39 70 68 26 68
97 65 70 5 26 76 11 89 42 41 40 85 68 30 73
6 31 66 9 95 31 45 20 81 71 99 42 23 70 97
38 35 73 85 66 61 26 13 84 30 44 89 42 50 90
57 8 23 87 46 83 32 28 13 12 69 55 26 28 69
38 2 46 32 53 99 99 70 58 34 37 7 7 93 18
44 8 41 63 68 33 4 16 25 49 42 13 89 28 55
74 93 92 68 92 23 22 44 55 81 87 18 78 15 55
57 36 55 60 99 13 79 61 39 33 80 24 87 6 58

856 650 676 925 773 820 829 697 747 801 601 537 786 559 970 
762 773 937 704 970 545 786 685 546 949 878 583 594 570 567 
948 846 619 807 550 624 652 586 786 536 913 773 990 819 594 
935 518 636 883 895 718 776 987 635 553 806 835 599 722 561 
764 901 902 575 729 798 626 839 543 949 732 686 857 537 696 
972 718 777 957 971 643 669 839 745 954 710 684 689 652 853 
797 740 964 564 619 508 526 683 833 899 924 803 706 511 790 
826 545 819 568 709 905 936 589 983 590 740 583 564 907 743 
717 566 715 757 971 762 882 955 647 765 561 737 686 986 983 
848 737 936 686 610 832 640 851 971 582 674 785 763 629 795 
869 863 652 998 574 822 573 533 720 681 671 587 825 914 620 
572 991 509 556 627 831 562 882 635 614 611 991 945 663 570 
528 762 787 619 737 918 740 684 846 700 634 526 600 685 817 
756 798 834 723 751 591 820 741 867 934 798 930 947 708 722 
614 852 680 798 556 746 940 910 505 694 706 852 565 731 563 

925 603 797 792 963 709 874 810 705 873 806 565 619 591 939 
512 942 923 662 935 813 709 918 861 845 982 627 620 768 733 
959 544 788 794 519 966 995 706 939 706 876 617 717 690 731 
934 991 738 839 932 715 777 553 584 978 660 970 662 637 910 
501 650 958 625 543 899 843 606 845 912 746 810 592 975 928 
513 835 782 963 740 872 614 862 905 826 772 928 903 540 598 
548 509 665 735 827 788 934 512 996 528 638 773 906 589 920 
562 951 925 993 729 616 531 917 721 717 537 869 996 735 600 
607 948 524 833 748 768 505 661 726 517 649 697 702 847 687 
615 794 954 571 795 781 633 580 865 548 627 987 857 779 604 
848 854 658 653 969 951 509 940 913 970 557 864 886 960 684 
819 539 874 919 879 561 918 767 580 810 876 730 598 737 575 
655 724 616 736 707 545 751 646 662 878 882 604 633 961 886 
826 549 923 612 515 532 627 900 627 510 948 548 549 928 586 
847 905 707 912 595 986 927 818 684 731 675 697 911 785 952 

818 524 687 836 532 559 983 905 626 815 539 700 865 578 683 
673 768 960 899 648 707 922 681 584 901 647 554 642 707 696 
703 706 797 598 869 998 703 512 542 661 726 969 836 741 545 
901 677 548 718 767 961 745 942 753 608 737 697 774 968 890 
783 799 570 895 984 627 658 949 890 652 636 662 501 869 808 
525 754 575 849 663 768 685 826 727 509 959 621 799 742 548 
851 865 650 658 645 747 650 911 947 867 673 992 535 937 725 
897 971 875 508 518 987 587 775 878 952 513 567 797 730 657 
967 762 517 802 675 815 686 648 715 678 857 564 702 710 569 
892 618 828 733 509 576 804 928 563 924 962 989 851 984 968 
878 918 761 787 619 685 958 878 888 673 550 701 534 878 796 
823 927 870 955 613 640 528 995 615 907 591 978 806 722 752 
501 840 593 780 761 742 766 931 840 847 958 667 587 722 870 
847 913 578 794 596 858 968 896 925 607 790 538 879 910 772 
756 565 802 672 509 714 942 758 669 867 940 744 842 710 514 

870 788 661 659 732 846 627 668 653 835 613 973 739 530 538 
779 671 648 773 798 803 574 935 597 602 770 725 951 719 607 
797 920 523 617 991 505 974 585 784 782 595 618 921 729 885 
756 619 865 732 838 831 981 660 516 673 673 953 907 925 941 
991 780 831 876 898 888 904 784 712 763 506 724 930 520 817 
870 630 600 699 605 823 778 640 927 713 525 981 697 738 845 
937 802 948 764 954 963 857 554 674 581 822 640 861 580 957 
858 991 602 850 812 909 684 502 715 774 509 717 826 956 543 
766 518 929 936 765 518 544 589 957 801 763 863 512 746 881 
988 596 862 991 697 503 555 710 525 505 705 557 918 976 524 
681 896 581 709 962 531 693 727 607 849 649 826 891 713 905 
597 848 590 977 754 798 762 768 523 998 550 809 542 952 607 
820 509 883 752 690 557 831 502 539 844 993 799 685 688 913 
572 816 860 560 644 757 683 724 535 849 893 911 866 668 913 
872 600 996 932 835 869 732 852 782 744 643 618 889 724 922 

779 753 542 987 718 960 889 865 896 771 731 872 519 916 592 
736 773 516 513 758 723 889 647 883 645 943 677 589 590 595 
988 986 818 876 820 925 755 650 642 556 798 782 664 655 897 
846 651 930 728 527 746 706 858 847 657 916 618 636 702 991 
943 814 961 857 548 681 827 509 883 845 911 949 842 963 981 
538 720 546 916 536 908 697 769 583 723 821 601 817 670 850 
698 523 920 985 910 749 892 751 905 910 841 920 704 703 674 
540 548 559 529 785 966 548 992 765 545 974 508 596 559 654 
648 670 573 718 739 844 723 674 653 779 898 805 586 802 843 
886 940 823 782 674 576 925 822 966 960 568 752 892 985 846 
647 829 580 658 895 657 995 881 633 920 766 707 700 952 817 
554 510 596 750 949 602 870 534 947 928 765 576 740 841 576 
768 669 718 615 544 670 782 880 524 579 703 977 874 890 575 
656 857 651 959 643 629 616 856 957 982 859 995 543 713 607 
764 892 844 820 549 506 776 998 593 552 715 652 864 534 814 

599 878 959 602 761 629 528 836 737 667 742 854 644 967 974 
903 822 962 921 947 648 763 697 709 949 998 607 562 766 803 
760 652 829 696 727 705 867 900 943 639 675 934 969 707 744 
843 681 851 721 711 998 643 611 876 505 826 969 795 929 850 
650 846 518 970 669 893 942 580 623 892 627 590 948 909 772 
868 758 845 983 914 903 535 959 733 648 518 815 711 919 974 
527 593 867 997 870 859 921 699 568 693 958 657 928 879 698 
888 925 602 745 970 526 766 765 595 809 813 860 756 877 943 
534 596 703 891 969 900 706 562 688 825 740 960 682 740 950 
696 928 575 628 681 934 641 511 903 741 808 522 630 934 896 
559 672 684 604 505 551 785 547 743 645 680 980 768 824 734 
525 639 593 872 624 660 910 602 905 935 702 670 580 574 932 
564 578 884 605 601 553 754 958 832 761 536 904 860 901 801 
797 870 910 771 699 967 625 618 592 946 517 683 941 699 502 
603 991 959 973 952 603 758 803 577 721 748 729 639 537 573 

670 768 657 927 834 624 935 567 770 521 511 919 979 556 749 
755 662 642 916 539 760 540 882 618 942 997 974 523 805 979 
606 788 723 872 573 544 625 994 883 649 518 803 787 537 877 
546 968 787 877 668 763 868 844 884 969 843 892 799 548 610 
641 591 746 935 717 610 748 792 731 544 683 641 744 676 506 
531 600 943 735 519 690 651 796 743 758 806 552 951 906 746 
685 876 504 734 594 524 658 617 896 842 912 557 774 638 520 
673 660 983 975 731 985 964 535 652 601 860 715 810 816 943 
669 600 981 852 588 869 780 854 750 580 570 702 535 973 979 
806 831 946 991 880 765 788 942 583 841 561 758 771 672 553 
770 747 689 604 591 888 550 551 529 776 787 791 774 521 788 
589 579 989 980 790 887 535 806 933 559 719 554 887 894 722 
747 953 578 857 563 594 520 594 837 886 870 998 806 552 790 
672 740 832 591 834 675 540 917 964 761 995 509 561 862 856 
991 807 583 561 581 590 972 694 610 970 618 921 989 619 522 

925 975 641 738 746 841 709 703 595 947 929 502 717 945 744 
674 720 731 950 548 785 830 808 947 946 601 743 829 591 921 
603 893 692 694 501 521 695 592 927 641 708 840 844 942 876 
631 683 789 975 907 605 824 695 555 693 952 834 769 981 725 
648 789 710 833 551 584 540 997 847 741 900 718 644 957 501 
864 830 800 765 721 807 901 887 977 846 785 912 664 706 834 
895 656 997 564 916 982 723 572 673 846 613 819 944 617 928 
825 854 560 601 779 537 674 779 814 705 736 962 821 818 578 
913 864 838 973 572 671 910 904 570 957 868 935 983 528 930 
590 722 875 817 935 521 970 846 528 759 832 954 507 525 631 
934 640 761 941 534 895 851 592 865 590 776 604 698 933 857 
540 749 584 708 602 720 745 935 826 503 510 995 795 877 786 
896 658 983 842 557 918 981 580 823 748 508 842 743 796 615 
960 585 908 768 761 811 529 876 575 572 670 998 954 757 650 
889 824 688 854 714 545 604 849 561 956 557 950 729 677 562 

692 860 565 673 935 749 609 870 801 774 724 890 973 879 979 
514 680 616 568 585 523 900 785 589 878 732 576 935 509 929 
797 663 771 679 824 689 515 768 857 600 765 818 806 806 598 
794 913 850 866 966 608 865 576 558 789 921 526 702 904 645 
821 661 782 924 971 503 840 967 573 991 755 642 626 845 540 
660 673 795 665 854 583 958 631 807 931 873 730 914 829 611 
646 676 782 755 751 582 720 862 735 609 556 930 817 776 765 
507 929 820 884 522 829 730 854 754 982 578 599 600 935 943 
904 646 548 937 861 975 976 994 890 953 532 929 930 506 550 
751 693 565 589 699 665 797 974 540 797 684 821 933 965 818 
923 989 628 702 887 986 853 743 975 942 911 716 847 811 579 
624 668 657 824 564 923 511 757 956 544 994 806 840 763 998 
959 880 720 920 698 985 763 584 769 880 929 532 837 977 527 
879 763 732 824 981 944 939 736 671 844 703 905 711 983 588 
674 742 933 665 628 887 921 952 540 991 723 632 731 653 527 

921 574 886 551 523 983 620 995 587 573 719 599 624 852 704 
631 932 665 697 848 550 711 889 978 780 701 537 712 859 925 
759 815 681 681 672 933 989 535 988 542 596 790 954 940 886 
970 593 701 807 684 580 944 639 633 693 518 954 529 646 535 
949 980 572 767 834 563 580 784 542 802 662 959 545 795 655 
708 916 671 724 892 820 714 617 580 819 654 912 646 509 541 
745 709 789 834 939 738 976 515 536 927 900 819 956 819 991 
513 644 985 840 544 910 785 598 743 547 528 891 550 903 601 
642 633 668 967 513 892 762 514 904 970 717 758 545 713 852 
980 881 682 561 781 572 827 637 577 783 958 904 561 551 980 
934 886 902 730 743 841 752 785 617 829 688 805 542 540 661 
625 941 901 756 883 924 809 817 503 985 547 597 603 580 798 
973 902 661 597 758 926 651 632 919 615 815 832 529 570 558 
804 525 981 807 961 963 830 512 589 536 964 535 528 859 597 
874 645 860 650 644 800 914 576 946 509 987 694 582 963 812 

695 733 959 576 541 743 566 779 788 970 569 778 695 956 907 
761 503 632 936 584 895 717 896 948 532 687 892 962 711 686 
779 724 907 951 751 849 561 875 935 589 749 662 639 939 769 
572 738 671 571 562 918 666 931 935 958 657 661 572 713 946 
934 588 794 655 803 638 829 924 925 659 590 679 984 596 836 
939 842 890 848 902 554 770 995 767 988 580 714 533 992 583 
751 784 674 658 703 814 857 604 837 739 826 831 908 669 758 
932 879 800 620 567 881 975 988 820 989 560 799 969 806 845 
891 800 681 824 507 574 982 804 651 859 926 697 994 743 925 
701 907 539 817 759 517 636 984 884 509 863 564 771 509 594 
879 707 597 624 946 796 882 671 624 682 635 970 769 766 904 
708 520 844 574 960 932 708 581 820 590 505 745 716 770 904 
581 768 573 690 880 924 826 746 875 862 597 686 957 579 566 
612 505 952 784 671 726 576 725 804 609 992 753 949 813 970 
510 516 849 753 772 551 501 688 772 515 770 508 863 505 946 

501 815 530 984 526 601 895 865 585 797 696 860 940 607 914 
860 718 957 565 593 755 973 841 679 503 575 996 692 833 731 
938 631 595 534 946 607 840 682 814 741 775 518 985 968 689 
890 678 549 829 761 939 889 571 872 845 529 735 666 789 749 
679 710 889 902 818 690 753 867 824 772 660 770 721 806 573 
632 969 616 656 872 612 750 929 919 948 893 668 939 981 856 
972 653 548 698 954 800 700 567 752 790 627 987 765 648 523 
857 726 519 680 736 805 994 557 860 694 759 862 628 936 774 
668 535 885 514 513 747 516 769 846 922 817 569 743 679 546 
771 775 820 726 611 653 691 534 742 733 580 578 592 930 979 
754 787 879 664 649 657 648 763 653 996 923 935 663 835 855 
880 643 501 512 568 732 804 856 688 579 504 909 895 794 564 
581 978 826 529 885 886 608 589 650 594 880 854 654 694 891 
890 925 869 825 522 839 699 948 629 753 707 626 897 681 678 
597 606 734 526 819 577 576 651 517 779 525 822 621 989 626 

758 847 545 939 935 563 649 710 713 930 640 956 784 865 775 
780 758 853 694 748 995 948 647 776 778 914 945 826 674 931 
542 560 801 532 550 712 616 959 879 570 655 966 523 722 892 
998 595 774 767 998 603 829 774 785 673 719 587 904 819 863 
881 727 594 510 888 868 845 877 627 958 748 928 707 766 525 
511 621 828 861 751 795 653 951 771 923 528 675 827 590 694 
770 826 601 932 556 629 792 858 687 821 543 648 615 504 531 
952 814 602 926 844 635 645 666 795 860 504 957 616 903 834 
734 618 593 677 946 528 693 649 829 742 894 624 861 750 663 
760 911 708 962 887 682 981 522 650 625 557 970 603 748 700 
502 758 679 942 888 952 922 847 737 906 554 580 920 767 793 
647 770 781 572 779 958 591 867 971 819 867 759 997 593 569 
747 503 864 937 857 743 661 733 706 858 614 560 629 532 769 
754 919 860 756 668 848 756 845 744 644 648 883 542 701 796 
785 693 868 947 897 821 651 809 583 680 541 888 554 876 518 

736 634 942 855 502 915 752 947 545 693 921 741 637 561 642 
675 879 584 699 970 995 969 775 574 743 904 871 892 800 519 
513 796 953 711 808 779 872 617 715 520 814 711 518 863 559 
962 936 726 992 608 599 570 839 878 692 706 666 772 794 732 
740 899 511 962 577 513 568 708 952 843 580 634 813 971 721 
782 655 521 533 658 990 650 600 919 853 565 519 641 550 941 
827 748 821 710 746 658 588 962 521 649 866 731 879 905 911 
997 513 890 639 568 552 807 866 797 740 848 722 685 648 524 
637 561 958 538 514 516 578 881 683 841 862 872 699 935 830 
996 853 978 746 923 516 540 942 916 850 604 806 676 799 920 
886 624 980 560 744 849 611 954 764 630 908 607 795 709 744 
815 816 640 865 950 951 543 817 849 817 940 681 886 668 651 
755 742 984 686 530 577 790 943 702 512 746 666 546 650 805 
809 785 974 762 927 707 611 776 664 762 660 937 864 879 847 
531 651 880 817 649 771 518 742 503 669 571 660 520 650 697 

670 764 545 603 576 899 530 943 504 856 651 889 751 609 857 
988 845 815 906 730 922 901 890 556 822 719 742 787 926 926 
928 522 837 766 772 807 842 826 542 830 813 523 827 720 979 
887 898 534 811 541 979 810 753 744 774 685 934 590 886 742 
924 695 977 879 625 852 941 517 556 843 901 715 852 537 718 
931 662 652 760 873 716 556 642 818 926 627 689 716 844 630 
969 817 713 590 749 874 633 550 930 941 531 904 987 781 622 
557 929 994 987 743 767 596 624 692 971 676 774 652 967 861 
717 665 590 592 701 637 795 573 663 884 896 830 708 718 902 
799 597 592 566 618 621 881 639 950 713 934 866 548 893 877 
942 937 587 523 905 874 503 694 632 889 822 772 842 975 658 
693 874 949 712 813 957 617 654 823 831 603 581 979 944 989 
559 609 974 577 630 993 510 579 827 509 546 535 724 820 839 
846 743 721 612 949 990 820 517 645 916 747 815 989 696 579 
537 574 587 947 779 646 798 950 956 813 681 554 690 597 904 