15 15
90 13 25 9 15 39 55 84 11 71 20 57 82 36 65
13 47 88 61 46 31 13 77 36 35 54 45 7 85 72
60 53 27 12 68 89 41 2 16 54 82 87 58 96 20
46 37 50 97 42 47 32 69 36 61 23 63 70 18 52
40 23 6 79 54 38 12 22 46 41 5 34 84 29 94
14 72 32 96 93 4 73 90 80 33 56 14 16 16 87
1 75 71 51 51 43 15 43 73 17 79 36 23 62 96
23 20 73 64 37 38 22 50 51 48 11 2 10 14 58
19 17 1 40 23 79 89 69 75 58 27 93 16 97 70
3 45 41 34 26 52 83 28 89 82 87 79 90 75 89
55 99 73 56 29 35 97 24 89 77 76 95 18 37 44
1 31 37 68 41 67 17 67 29 53 5 67 92 11 34
23 53 27 92 97 77 7 32 27 66 63 15 76 24 47
78 94 92 90 56 90 23 63 42 42 53 15 21 88 87
6 81 15 32 78 22 44 71 96 33 78 79 71 23 9

477 42 440 363 384 387 218 86 476 163 355 158 207 121 171 
269 176 201 251 185 61 443 52 352 390 259 239 287 212 423 
362 395 488 52 251 298 25 241 320 244 201 464 42 189 491 
109 281 452 435 168 401 131 114 397 220 21 137 122 198 89 
49 68 472 340 301 111 155 348 488 433 235 190 293 229 185 
356 284 279 265 309 459 262 287 384 146 376 46 192 407 121 
166 233 156 128 317 316 202 376 458 324 170 10 99 139 2 
445 274 13 450 134 13 344 195 276 385 482 143 294 109 53 
55 303 446 300 210 56 302 2 300 141 368 227 284 13 241 
41 160 484 323 137 159 485 487 64 98 412 122 437 151 448 
55 495 72 23 11 280 304 392 78 393 49 345 121 170 413 
35 127 377 294 82 184 55 283 18 349 128 42 1 266 18 
225 460 74 146 40 171 195 415 131 482 490 236 417 227 79 
66 96 240 181 280 130 485 89 275 157 28 373 139 199 195 
175 97 297 369 51 452 318 142 307 29 264 432 267 47 312 

305 481 44 323 67 148 240 246 72 102 116 356 373 233 436 
201 281 308 254 149 475 410 33 324 200 485 139 119 100 275 
439 93 457 125 327 418 238 359 302 213 126 393 249 156 383 
220 74 346 214 399 380 116 485 347 141 214 420 413 296 278 
46 387 352 46 200 120 401 318 149 373 213 117 238 274 173 
283 160 445 353 45 149 328 135 317 51 89 155 128 207 288 
21 257 483 20 458 51 324 65 270 210 402 191 48 200 104 
145 466 400 126 41 339 135 167 29 168 96 205 373 266 322 
337 245 239 398 227 1 38 499 448 89 200 379 91 468 491 
81 289 204 61 330 331 112 266 268 314 364 47 27 274 111 
13 297 429 316 318 95 387 389 457 265 453 111 150 172 484 
329 69 264 278 94 356 318 201 354 292 251 312 341 315 443 
37 221 82 117 392 139 94 116 38 137 93 304 351 87 454 
159 344 2 246 168 182 435 157 294 247 364 43 401 265 277 
414 88 174 164 446 225 69 463 179 18 35 444 71 472 19 

484 299 106 239 474 36 152 422 319 348 431 429 180 277 147 
414 200 383 47 93 432 388 271 21 268 239 190 469 100 439 
351 495 158 257 88 329 183 62 376 473 163 88 379 496 259 
401 330 354 387 55 97 444 364 265 122 211 11 16 489 403 
185 223 499 296 66 89 451 168 4 88 118 467 173 58 362 
156 358 164 3 308 331 7 125 479 342 27 423 404 120 326 
99 20 417 326 218 398 359 305 35 126 281 90 350 482 231 
465 216 382 406 211 401 202 383 455 376 118 379 344 139 231 
340 84 323 366 376 2 386 284 146 7 379 224 49 404 282 
198 93 198 96 457 33 218 321 313 6 155 76 171 207 421 
370 448 403 406 218 474 229 82 413 158 207 90 385 410 138 
388 157 282 97 102 22 339 272 192 131 120 476 104 135 421 
210 106 236 440 303 177 269 108 319 179 339 370 432 360 435 
456 371 49 97 339 223 213 306 276 375 6 348 354 197 275 
339 207 242 150 387 488 396 481 83 200 275 1 73 258 298 

295 71 392 293 32 498 232 238 163 247 130 150 28 256 106 
310 197 131 358 303 34 197 7 231 117 415 485 492 299 65 
113 112 405 206 391 457 297 358 172 273 189 97 62 4 13 
7 114 120 266 159 384 39 49 214 465 342 392 331 248 190 
160 190 397 104 26 378 412 12 122 247 404 279 112 5 469 
21 459 493 425 417 89 334 21 271 211 94 377 13 419 94 
245 384 261 288 41 177 153 405 461 467 295 114 15 203 353 
214 339 275 495 443 7 486 397 54 330 73 429 41 171 407 
139 106 121 186 288 464 73 40 108 362 420 403 432 378 97 
465 32 71 57 259 249 410 50 348 482 63 189 174 104 233 
314 478 176 204 387 87 359 225 377 180 180 244 471 109 410 
245 99 207 142 170 140 249 81 283 168 118 287 366 343 152 
364 36 277 68 369 100 139 432 468 492 246 273 57 407 162 
461 275 115 246 205 496 248 50 396 442 489 105 236 401 147 
43 438 248 74 49 74 341 448 220 67 373 286 140 192 71 

169 274 243 259 6 248 183 360 200 43 381 421 98 96 270 
170 216 88 255 123 301 492 158 293 197 2 440 277 269 435 
458 123 270 222 359 129 470 349 9 439 226 30 222 227 74 
18 39 82 440 165 301 395 381 185 153 62 41 130 51 36 
63 290 155 490 272 339 36 189 463 341 375 115 197 251 263 
60 227 417 130 344 171 244 14 318 200 82 476 299 461 151 
120 19 434 23 365 490 174 408 236 221 388 261 330 412 66 
397 37 26 452 118 331 479 226 205 384 281 201 140 439 375 
24 73 498 315 389 60 90 454 300 169 285 464 347 278 370 
150 5 194 336 206 84 238 145 270 159 341 235 230 300 27 
182 386 25 183 338 378 235 30 163 179 134 126 260 478 398 
174 444 356 8 403 181 200 309 45 46 133 49 108 230 408 
446 202 42 449 58 22 10 140 188 86 193 209 468 77 154 
125 325 88 77 268 128 438 327 144 33 107 461 299 323 472 
476 17 454 403 410 12 456 60 208 415 13 15 438 73 494 

62 385 494 36 242 411 425 167 171 489 359 58 201 168 311 
115 24 376 460 168 94 497 43 289 344 427 150 318 426 218 
232 145 453 83 152 113 344 398 242 315 288 308 44 476 471 
370 399 87 415 254 311 173 184 78 109 190 360 367 294 238 
176 203 91 387 142 346 92 373 273 241 111 297 169 257 317 
224 279 244 419 66 180 152 81 352 314 395 96 129 472 55 
396 478 365 50 18 18 308 110 15 134 176 37 268 259 253 
43 247 268 437 477 223 295 142 389 102 258 101 497 446 65 
68 5 275 49 9 147 230 409 455 170 405 435 323 165 219 
232 334 473 241 425 194 265 344 67 89 363 478 322 148 375 
368 328 315 12 130 480 430 160 194 334 147 299 159 117 167 
241 342 495 89 307 134 405 478 436 134 332 76 184 370 362 
194 391 336 27 488 358 270 69 17 286 141 100 319 257 106 
59 456 114 491 351 162 332 394 425 250 84 253 141 160 203 
376 473 185 138 403 237 432 9 433 270 33 365 425 103 421 

456 290 499 76 145 244 373 255 441 395 195 111 88 171 152 
115 240 79 264 39 30 42 426 124 124 304 254 94 489 242 
190 151 404 69 375 343 394 140 383 128 359 51 444 418 368 
269 284 405 73 22 103 229 385 94 138 83 429 392 127 350 
447 23 464 109 299 177 393 293 94 90 198 192 475 268 251 
166 40 58 247 104 293 75 318 471 20 396 158 380 212 47 
349 299 434 226 492 130 118 130 361 429 469 476 180 444 35 
409 286 396 443 307 147 167 330 255 34 93 440 240 56 74 
380 306 45 2 295 40 105 140 488 333 141 182 91 462 315 
388 267 317 249 410 388 411 205 206 485 275 192 309 241 387 
39 358 40 430 105 415 69 285 389 428 445 85 351 305 227 
126 129 498 302 199 220 89 463 458 265 321 446 458 235 83 
11 306 102 230 150 25 428 201 417 481 302 402 449 277 159 
311 422 67 216 366 487 95 84 158 209 471 51 374 365 417 
219 316 394 70 37 241 94 49 56 376 206 102 340 355 348 

6 252 235 17 282 482 306 473 245 53 283 418 83 154 279 
352 148 182 328 234 262 112 323 55 238 255 420 167 402 192 
473 264 24 187 123 141 258 100 289 488 366 49 228 84 124 
394 456 87 142 277 407 340 90 493 157 62 340 491 255 393 
454 265 417 465 101 298 119 42 289 398 97 230 469 8 148 
295 468 91 498 190 265 32 52 263 278 337 137 425 235 147 
365 54 429 198 258 201 371 51 421 92 387 34 157 92 101 
8 423 46 470 300 231 123 409 162 182 44 140 209 129 203 
213 176 253 199 96 431 488 6 362 467 432 471 470 157 66 
177 147 192 137 59 219 315 392 309 277 26 399 464 140 283 
109 156 2 447 493 450 220 304 172 165 283 194 241 198 252 
208 367 51 378 37 2 444 474 357 305 323 487 463 239 129 
86 489 101 418 334 476 158 431 45 63 70 329 63 413 447 
189 188 360 315 269 351 26 420 185 214 375 432 156 499 300 
30 436 14 455 280 367 110 358 412 306 386 295 450 480 63 

380 436 122 359 114 359 75 61 404 40 474 356 265 329 158 
451 191 69 159 453 432 6 46 126 434 85 22 304 204 19 
113 162 233 28 154 355 217 323 413 417 183 152 42 123 60 
319 303 186 225 382 264 208 247 253 243 436 258 474 119 356 
332 354 418 484 192 208 92 413 215 167 426 243 461 36 81 
250 438 451 413 74 490 290 486 57 342 432 479 427 282 104 
365 197 438 366 157 468 308 215 32 138 85 62 214 329 261 
393 338 67 216 262 383 469 152 209 192 180 304 434 195 26 
311 214 303 246 39 237 420 151 305 439 471 114 148 481 376 
226 442 129 96 459 450 242 396 282 320 250 337 332 283 6 
143 405 223 360 442 465 16 26 333 16 119 330 156 453 91 
114 238 85 39 69 369 177 296 407 403 386 53 259 141 320 
432 245 474 346 274 299 25 19 161 308 233 24 66 345 427 
146 256 65 289 166 61 3 211 92 495 280 273 418 410 352 
342 150 242 181 462 92 57 246 169 154 79 54 174 203 128 

376 499 143 330 246 280 320 193 20 53 444 73 232 142 124 
152 74 299 239 25 422 321 57 203 415 103 98 162 54 134 
464 260 198 26 2 483 196 205 75 163 413 389 114 369 253 
190 191 329 482 444 67 312 416 241 490 109 421 66 417 74 
405 152 41 99 209 197 198 49 15 167 496 328 231 309 433 
366 223 53 154 220 314 160 137 195 306 341 208 79 123 152 
373 221 164 249 200 25 287 103 236 430 272 481 465 248 453 
141 196 382 10 224 65 119 461 319 125 483 212 334 202 44 
453 116 415 65 498 137 211 247 83 225 184 141 457 359 45 
394 481 49 79 80 275 271 297 319 231 118 388 497 219 424 
85 414 303 408 101 115 435 326 210 291 102 308 370 390 382 
276 317 352 483 4 48 155 77 486 25 256 298 394 176 194 
179 215 339 39 419 19 279 489 107 82 106 186 74 25 264 
304 324 122 307 350 203 224 321 192 377 160 364 181 366 58 
369 460 244 94 313 405 421 400 367 4 93 11 303 149 176 

376 35 486 436 385 138 476 41 474 292 117 98 465 83 271 
342 433 298 248 29 115 388 461 82 315 145 355 235 66 363 
57 251 89 422 97 495 432 452 99 177 98 364 433 253 236 
459 442 316 387 397 120 475 171 494 440 106 351 258 398 257 
398 29 76 297 336 93 490 286 454 117 375 141 8 488 104 
401 13 118 338 478 300 204 356 387 246 63 214 498 93 130 
240 317 6 487 13 343 263 49 106 163 475 414 131 147 231 
110 29 390 408 309 128 417 210 45 160 13 124 165 361 274 
171 47 116 59 171 438 282 73 458 169 484 83 123 308 45 
321 391 280 436 267 344 289 476 188 213 56 20 136 407 102 
142 115 150 496 192 24 463 433 51 342 259 115 391 473 340 
300 48 5 463 383 460 371 167 369 387 270 206 359 135 62 
273 6 254 10 190 390 78 140 466 310 354 151 379 366 334 
2 32 312 419 312 356 204 16 192 84 46 421 339 150 477 
3 315 22 183 82 226 410 347 159 68 98 179 122 315 497 

395 18 145 376 418 259 409 114 248 281 486 193 438 350 289 
398 354 367 127 419 485 431 152 2 376 275 109 13 230 298 
423 412 149 483 321 138 108 144 469 264 98 62 302 181 327 
290 245 5 381 383 372 212 441 371 57 480 23 475 141 168 
417 319 118 324 151 145 39 380 45 39 475 373 329 403 175 
18 4 329 69 364 142 474 265 271 439 180 331 451 465 11 
489 243 310 10 226 292 387 353 150 69 220 195 306 127 359 
281 237 235 152 407 152 378 234 179 443 146 454 371 224 278 
65 307 120 259 341 413 132 97 162 397 425 191 14 325 351 
71 314 13 134 422 487 63 311 412 130 485 203 148 292 66 
185 290 367 345 416 112 364 286 484 61 74 288 149 162 10 
151 210 201 213 422 364 225 143 345 70 49 215 125 163 343 
390 423 389 396 386 276 83 332 133 251 347 317 190 372 421 
330 251 105 166 153 487 309 240 145 223 282 82 295 18 375 
159 113 372 435 5 66 21 32 94 491 49 307 69 273 300 

401 197 119 1 246 213 22 259 295 293 155 326 126 335 252 
427 196 208 282 23 328 95 338 226 60 27 357 10 103 303 
267 397 194 387 358 248 370 307 191 27 312 441 164 89 291 
37 164 235 443 490 361 80 280 286 252 327 100 442 396 445 
211 473 498 159 201 419 437 344 156 185 454 78 391 25 405 
255 37 89 416 308 456 158 116 147 225 86 312 9 107 189 
130 423 403 341 31 414 494 314 176 373 235 59 7 330 451 
497 426 453 46 74 455 295 249 75 106 269 63 4 122 240 
221 465 204 218 442 476 267 153 7 236 146 398 441 343 257 
3 224 135 469 116 263 237 52 400 246 430 335 61 464 315 
413 224 314 116 262 261 182 25 244 105 304 367 427 128 290 
440 388 488 182 317 59 296 9 493 487 127 495 215 318 22 
186 252 383 328 132 410 150 106 212 297 483 471 379 169 266 
467 157 172 14 211 167 101 489 196 162 422 69 71 163 152 
427 145 365 160 451 407 362 175 371 457 117 354 294 412 164 

105 371 476 92 85 201 187 249 130 362 496 183 337 428 406 
96 19 69 246 58 456 303 361 494 312 55 97 171 84 178 
214 113 352 29 322 451 420 225 234 96 298 449 342 434 241 
323 248 367 414 318 403 331 175 234 164 335 284 3 16 388 
399 342 226 267 373 485 48 270 155 415 263 345 95 493 324 
383 484 184 305 330 389 393 374 307 415 133 357 331 41 108 
426 23 195 158 484 422 399 295 61 87 312 25 28 46 434 
443 216 473 75 497 398 385 232 191 402 85 366 24 223 83 
450 398 225 160 83 179 306 50 430 384 84 29 162 465 473 
447 74 122 67 78 88 269 160 425 298 5 355 227 85 224 
153 333 445 242 339 185 62 10 85 416 230 349 102 365 47 
331 425 430 348 267 110 16 428 459 1 283 261 23 462 134 
396 482 144 224 251 173 241 194 75 234 301 350 187 71 197 
79 348 420 491 372 301 120 257 120 72 397 473 45 217 134 
211 367 182 143 405 190 49 243 72 123 82 369 228 240 303 

473 437 81 178 35 352 151 135 142 176 235 387 184 151 231 
217 494 119 380 447 148 461 46 335 447 428 161 430 10 419 
402 161 462 465 419 154 410 442 99 78 373 129 430 306 184 
377 270 157 482 478 260 347 334 31 344 31 192 393 70 247 
371 413 284 259 68 492 479 159 457 414 452 214 399 60 366 
456 123 248 427 281 370 77 106 245 286 271 224 234 87 295 
476 299 8 458 144 247 373 426 307 44 245 267 143 380 456 
413 463 434 84 481 398 161 3 465 80 437 92 160 77 378 
480 274 294 456 190 325 226 265 149 225 411 7 321 130 128 
447 349 383 55 100 169 375 202 421 390 432 247 304 44 103 
15 74 111 269 148 227 217 152 235 361 16 311 376 223 50 
429 69 442 115 58 345 19 492 339 464 132 151 122 87 352 
38 405 22 223 482 271 192 401 79 468 75 294 354 367 277 
185 21 408 274 347 185 485 128 232 10 75 204 322 359 417 
307 344 387 102 410 406 19 301 286 399 259 199 306 413 143 