20 20
79 71 64 85 37 49 99 57 89 40 16 44 16 66 6 8 17 58 4 65
35 65 57 43 73 42 20 43 79 57 6 76 65 80 3 8 82 98 96 82
10 83 41 53 70 62 18 43 24 23 53 77 17 94 79 49 7 82 15 76
16 10 7 15 97 84 30 24 80 7 14 12 31 27 99 97 7 33 91 18
45 57 54 52 65 70 57 83 40 67 31 84 28 21 43 9 45 10 51 95
43 48 48 6 70 22 45 42 37 50 76 57 45 11 93 53 48 10 13 39
97 57 18 1 38 10 96 92 75 3 5 80 82 70 52 21 23 53 22 79
10 44 79 37 38 33 6 62 43 57 89 82 1 52 9 67 23 33 27 22
24 73 5 68 35 53 36 54 56 50 86 97 35 13 20 17 16 13 80 25
36 4 81 60 57 41 3 83 86 62 49 48 77 71 14 10 8 94 62 56
97 22 77 31 22 19 98 74 33 19 19 26 5 61 77 11 41 64 30 31
84 36 98 82 42 62 7 45 45 21 13 55 71 57 15 89 46 13 16 33
20 28 24 8 53 59 58 62 90 41 76 61 84 2 11 83 59 53 46 49
53 74 20 53 90 23 8 97 11 28 5 16 91 23 90 27 32 61 57 32
77 81 85 53 46 43 79 62 62 48 5 37 97 85 12 54 36 95 2 96
83 72 41 81 30 8 55 6 58 55 22 64 7 57 38 53 98 35 70 81
75 82 62 11 80 31 90 63 22 24 59 35 99 63 66 27 15 22 91 53
90 16 16 26 93 76 69 6 99 4 46 18 59 28 21 65 53 25 45 1
29 14 66 5 24 86 50 85 27 36 59 15 57 5 19 88 4 17 2 44
79 71 61 33 54 90 87 45 61 72 45 61 45 64 7 5 82 81 61 8

326 28 349 137 259 156 218 306 330 33 483 142 129 462 300 76 188 206 401 23 
106 91 211 205 278 76 236 409 359 40 71 165 5 494 214 68 247 330 81 258 
110 459 216 343 385 166 430 489 334 29 318 39 255 94 295 48 53 23 457 356 
131 358 122 147 331 75 63 365 65 477 314 64 61 188 295 481 418 325 273 458 
153 176 175 182 483 111 145 24 323 103 60 169 194 454 366 330 293 494 499 466 
254 212 318 113 322 475 429 327 98 153 12 32 33 468 89 195 476 34 234 387 
308 71 140 15 221 133 260 82 62 246 6 348 168 378 152 80 274 64 92 490 
182 492 232 114 473 365 45 162 215 432 412 84 126 399 453 86 375 104 13 338 
421 5 237 414 447 197 418 52 143 22 185 235 351 170 478 462 389 246 429 435 
194 72 129 14 173 426 64 459 475 199 126 493 352 443 6 181 70 420 87 220 
6 358 317 85 131 159 60 121 258 421 374 382 431 143 233 455 262 346 54 384 
294 261 295 251 441 282 468 401 265 34 15 72 396 299 331 160 361 410 332 476 
86 43 130 149 316 490 232 417 279 20 290 124 82 128 89 36 354 381 24 295 
420 187 430 316 357 230 155 96 88 380 328 498 347 63 91 193 300 464 115 432 
288 181 191 154 257 273 473 375 111 498 27 181 247 314 107 55 416 251 79 241 
149 165 129 24 397 343 404 331 119 493 116 296 409 197 273 57 405 378 281 141 
343 490 268 136 158 96 487 149 374 388 417 403 388 153 211 382 97 379 158 257 
458 243 132 216 478 292 102 244 391 288 291 418 42 379 404 237 17 359 198 222 
71 123 115 310 243 487 99 162 243 489 334 50 361 450 319 407 261 457 472 128 
272 414 193 264 108 74 218 457 280 264 152 143 239 338 283 185 313 130 394 472 

363 293 344 420 351 324 147 498 358 344 211 51 110 336 36 194 5 38 433 240 
416 151 152 302 353 341 320 106 299 430 450 376 112 333 439 216 346 425 50 311 
405 265 309 196 482 405 1 88 499 458 342 147 1 266 230 375 483 52 424 261 
178 401 87 41 49 10 142 13 457 254 103 303 388 435 342 139 274 321 136 169 
100 235 225 13 18 273 460 370 270 446 318 410 115 372 348 276 493 184 347 77 
82 495 93 438 56 180 37 422 25 141 143 45 222 293 410 380 58 19 358 213 
2 20 176 476 186 105 368 389 273 242 177 111 269 173 147 266 12 216 457 343 
285 26 87 437 425 140 391 123 14 487 12 43 25 457 216 146 412 283 7 5 
292 142 174 489 5 136 43 353 318 91 273 384 371 415 386 118 76 207 87 193 
157 64 85 113 492 217 307 325 136 302 74 14 438 472 234 257 461 274 200 322 
108 420 191 359 407 229 101 463 435 126 346 218 409 351 167 306 161 304 356 360 
209 382 90 361 383 483 75 456 271 324 89 333 176 305 154 332 257 152 15 243 
275 142 42 89 430 212 411 402 386 70 44 363 464 165 442 305 492 165 292 51 
386 410 486 51 317 434 472 362 48 18 287 256 24 87 114 54 16 38 139 194 
480 454 358 286 436 84 265 464 491 175 299 459 413 400 110 31 360 238 244 77 
258 388 56 367 212 2 291 427 230 1 474 478 329 107 73 35 309 212 499 72 
34 126 253 454 297 262 206 188 396 36 382 465 300 124 104 283 72 285 414 157 
81 17 285 224 181 447 368 166 370 352 461 353 445 251 375 267 78 174 332 43 
247 275 281 422 179 180 445 352 152 2 88 361 478 356 91 163 482 387 160 200 
316 50 147 30 483 329 440 250 181 280 140 257 460 80 55 107 337 165 177 434 

63 409 263 226 293 271 222 172 276 62 203 136 117 291 226 491 202 466 24 86 
202 312 239 186 30 9 395 274 448 391 86 345 303 184 51 66 439 145 274 343 
473 238 366 39 381 129 113 150 45 48 126 420 60 177 37 400 328 115 141 439 
473 497 464 80 272 185 438 100 413 179 416 186 122 416 391 380 13 94 50 108 
461 377 26 462 218 497 298 302 241 288 495 409 92 100 472 482 157 242 107 320 
102 461 31 55 101 363 74 258 361 317 235 161 58 80 333 203 496 218 383 427 
291 448 465 444 28 498 308 142 359 271 104 358 295 445 397 450 454 215 196 173 
263 75 253 452 143 486 243 455 129 144 332 325 11 142 399 93 196 436 66 442 
490 198 158 80 486 450 259 31 12 197 430 474 384 125 336 314 270 143 18 340 
207 414 391 48 124 298 494 371 426 171 6 495 85 286 401 76 290 175 311 411 
432 85 295 463 410 90 105 368 118 427 184 294 126 334 300 160 210 239 267 113 
467 130 138 246 420 358 41 72 371 191 183 358 225 174 218 422 347 97 329 324 
424 302 1 50 22 331 247 322 274 53 89 162 426 187 488 38 340 265 74 129 
124 124 270 70 341 195 204 359 469 482 134 303 494 298 228 97 399 120 87 409 
117 64 111 66 435 329 485 445 31 43 94 156 283 475 218 9 25 340 432 274 
127 31 329 203 215 404 131 289 147 111 181 350 164 7 33 302 333 340 137 183 
184 445 152 94 212 234 41 460 123 45 445 131 6 208 300 480 127 385 381 136 
349 20 38 451 135 434 32 442 125 315 20 188 65 319 111 186 318 174 127 404 
394 14 359 448 404 179 55 268 63 108 22 214 82 185 376 56 222 203 485 171 
163 400 205 65 377 425 90 81 218 443 352 414 240 412 29 371 41 434 238 139 

309 27 338 190 374 454 304 193 41 250 475 405 151 393 191 422 465 426 8 142 
108 272 391 389 37 329 304 13 242 64 181 419 294 488 49 267 464 443 204 240 
47 8 492 379 308 467 33 82 191 187 460 66 163 108 153 163 368 429 418 443 
4 351 64 185 489 462 208 491 434 226 391 189 162 364 20 334 475 208 100 342 
369 424 225 12 493 169 121 158 244 161 287 452 186 174 434 425 71 188 288 217 
233 205 243 45 378 483 134 14 138 228 132 100 481 44 393 201 29 492 337 467 
273 393 17 317 282 356 252 400 328 116 214 433 218 422 195 197 300 308 434 358 
113 198 18 300 491 248 426 132 405 379 268 471 31 482 358 94 45 88 250 277 
382 154 123 476 416 3 220 454 420 322 244 486 148 443 26 498 266 92 467 331 
482 395 283 177 213 133 299 472 212 200 25 72 292 212 118 133 299 472 234 327 
365 301 23 447 226 441 316 124 142 493 296 445 282 464 181 488 246 189 32 194 
42 496 43 27 72 222 218 179 143 315 89 379 233 42 138 168 96 52 12 184 
321 250 304 176 293 9 144 56 345 13 95 368 73 247 193 259 76 9 328 26 
326 249 166 413 395 102 145 184 106 330 159 323 303 160 499 1 203 241 489 378 
417 168 85 66 151 209 368 151 53 158 72 123 364 111 43 441 102 173 251 66 
377 86 254 193 44 428 475 331 337 252 256 289 472 415 390 64 208 370 17 134 
399 241 174 280 384 204 245 323 373 329 220 305 339 249 232 197 71 372 448 181 
23 89 354 491 428 425 379 467 331 173 244 463 296 44 250 484 180 131 60 320 
251 474 467 132 60 328 357 244 116 24 105 124 495 129 21 22 123 273 349 144 
70 384 303 49 218 325 386 119 21 151 434 193 352 341 230 204 350 85 4 395 

373 40 250 257 449 334 223 254 235 213 246 235 214 337 373 188 261 307 169 212 
356 102 149 259 12 132 285 398 298 123 204 62 336 7 164 39 71 151 380 427 
489 203 316 431 280 96 185 456 463 172 420 121 353 159 432 96 37 200 239 42 
478 149 417 287 211 312 430 108 357 335 276 209 298 64 176 472 236 494 212 59 
234 65 336 166 69 85 111 298 120 41 318 347 373 121 353 464 56 221 179 313 
341 105 66 460 310 413 244 51 271 301 168 16 66 152 15 183 141 392 49 96 
469 392 28 407 242 123 145 140 87 81 184 414 154 190 301 306 493 116 479 497 
445 451 444 354 138 4 481 54 293 118 390 394 316 367 55 94 469 109 174 64 
425 488 16 85 164 230 489 138 416 90 90 498 236 350 382 284 181 204 452 367 
246 42 312 282 427 162 417 305 193 448 308 222 333 472 371 32 10 265 435 214 
467 89 182 115 70 455 209 287 254 386 166 144 181 73 422 324 75 167 155 181 
243 115 148 239 349 418 109 79 381 469 287 93 430 142 201 369 39 232 5 384 
167 111 50 497 144 151 269 159 181 450 335 260 383 460 491 72 151 244 4 322 
314 403 106 312 205 26 15 145 366 467 429 389 102 149 41 236 415 145 467 15 
282 362 258 25 254 205 450 328 119 384 199 143 365 83 20 440 276 331 269 66 
205 215 313 241 350 43 413 422 31 496 428 418 140 486 64 117 59 141 153 214 
150 60 90 53 120 449 386 397 425 44 143 92 392 431 154 350 21 271 202 470 
337 415 103 348 281 121 23 114 176 456 261 432 365 104 327 201 91 101 238 218 
50 310 256 105 236 38 361 162 314 433 165 78 474 241 491 13 2 211 448 389 
319 498 90 25 144 194 262 239 69 377 274 77 168 317 339 424 336 462 250 438 

281 394 150 102 146 419 13 301 81 112 456 378 29 140 146 367 198 174 15 200 
253 73 453 334 302 110 73 89 192 183 480 295 60 242 419 33 304 473 384 7 
233 444 173 64 410 19 336 227 44 134 214 84 268 156 55 211 111 295 111 43 
75 343 198 332 249 357 404 16 186 307 88 58 109 252 284 221 211 398 152 213 
228 90 190 322 36 335 497 341 55 490 128 119 155 83 469 148 118 135 379 355 
475 150 114 20 151 480 352 237 26 440 162 206 43 394 144 201 177 427 433 218 
167 96 459 97 10 337 412 8 354 435 387 210 179 310 226 301 288 387 291 261 
418 135 361 24 190 25 362 317 497 173 327 33 224 32 201 68 37 317 275 155 
237 445 321 134 34 281 401 33 482 221 413 80 16 482 23 22 208 88 425 388 
93 42 200 386 145 393 14 127 290 423 300 422 320 242 497 156 94 292 486 247 
383 479 291 169 243 468 74 102 438 485 20 118 250 374 132 267 82 441 412 248 
494 6 496 245 205 68 375 377 26 346 344 463 161 437 381 223 242 24 350 462 
222 95 467 24 114 60 409 327 114 80 12 466 311 45 61 316 72 351 6 286 
353 196 251 373 304 268 164 301 228 73 342 350 171 84 275 432 62 148 75 124 
178 74 448 392 288 398 95 94 51 296 51 76 71 398 415 481 34 50 241 77 
98 223 164 408 191 398 82 460 444 116 56 369 234 93 138 162 123 32 16 271 
36 322 343 412 482 209 403 264 421 189 465 22 399 176 467 252 276 71 166 262 
341 432 481 486 187 113 290 392 23 276 269 452 98 258 464 484 59 12 361 175 
35 316 191 493 3 465 481 32 160 63 97 212 130 232 410 369 19 89 297 104 
262 161 319 130 325 34 392 308 79 252 26 12 487 343 163 169 140 37 485 80 

224 137 328 428 200 73 268 382 279 112 128 168 397 236 17 367 262 466 57 367 
491 415 482 198 346 115 106 368 491 181 312 471 116 134 249 350 373 35 28 340 
23 497 177 151 263 262 31 285 395 353 97 438 71 286 348 261 104 249 385 111 
96 79 335 392 297 331 392 248 194 261 252 235 456 194 220 498 380 34 210 405 
104 213 205 101 15 203 269 89 10 121 119 98 416 359 80 60 223 21 441 497 
123 448 398 132 391 447 304 63 376 413 12 323 78 456 465 300 143 477 71 76 
350 484 133 368 343 120 348 210 337 99 165 457 14 65 244 44 242 302 418 95 
95 134 55 71 388 254 43 474 116 230 95 29 409 438 431 85 460 397 255 262 
383 453 192 409 243 478 313 482 249 156 50 305 252 179 419 284 142 168 432 270 
428 496 301 277 76 162 472 442 23 262 64 94 264 316 45 214 190 139 48 482 
275 292 397 161 93 131 254 211 352 284 387 199 468 163 47 111 143 419 340 366 
399 125 423 230 318 416 37 298 71 156 132 185 217 9 421 191 455 483 123 156 
283 125 73 254 442 491 321 196 162 49 475 12 64 38 149 158 346 438 351 300 
435 55 304 139 470 214 308 296 329 403 94 228 468 456 180 458 57 453 370 186 
30 300 170 232 3 487 292 141 163 320 38 152 480 75 100 358 249 26 232 137 
303 452 236 140 57 113 172 344 209 35 273 488 325 133 199 359 488 299 453 442 
429 361 64 117 129 98 152 172 243 152 273 439 111 365 406 421 337 266 476 234 
47 404 106 391 22 489 196 434 41 438 185 197 32 438 39 348 251 498 453 167 
355 355 462 287 302 214 90 312 46 320 2 85 440 451 271 127 393 478 145 39 
236 88 433 22 17 179 158 254 402 53 279 430 133 171 254 266 61 158 134 372 

406 67 285 241 253 484 90 79 398 388 394 397 83 167 269 258 406 327 240 435 
487 27 250 212 362 120 56 98 74 261 134 216 408 209 80 369 174 85 255 382 
307 112 478 327 40 107 415 271 349 86 381 404 302 179 254 392 142 259 14 182 
32 309 201 203 197 91 417 249 305 273 478 247 303 274 146 461 111 354 107 42 
24 51 136 213 69 90 238 156 159 281 166 28 220 122 422 393 273 426 39 265 
345 244 43 494 19 316 425 450 7 308 466 276 10 293 359 378 325 48 71 143 
483 342 385 226 210 325 234 211 269 337 378 271 307 134 51 152 392 442 330 117 
493 25 176 254 72 380 174 158 48 162 368 356 108 324 238 261 322 155 168 122 
476 118 400 146 173 344 61 441 238 443 286 177 55 108 123 20 75 243 284 123 
261 357 88 49 349 450 340 484 12 166 56 401 69 329 105 447 291 129 440 257 
444 30 100 354 174 146 107 199 26 142 132 214 389 356 12 494 369 335 82 196 
224 102 332 246 224 131 244 134 448 23 206 140 18 418 9 465 393 196 339 246 
191 38 195 403 161 342 468 245 426 221 295 287 182 323 157 80 206 130 39 323 
140 128 77 115 216 40 63 269 259 461 61 81 241 149 63 274 392 12 176 292 
494 121 13 96 170 430 61 177 359 312 180 273 169 253 492 307 52 183 47 397 
271 88 484 311 147 415 314 410 469 183 104 168 427 124 194 413 320 425 431 335 
189 347 379 407 294 50 182 194 260 194 389 400 1 73 424 169 240 4 252 486 
330 44 55 216 322 310 329 194 104 206 284 72 25 473 267 203 213 127 36 287 
447 499 83 258 88 9 442 168 288 4 120 410 470 193 460 49 325 139 116 453 
372 239 180 384 288 6 120 408 65 320 488 301 70 474 48 129 404 27 62 132 

66 318 462 480 38 63 159 410 223 414 497 231 344 404 375 3 28 387 155 442 
459 283 186 452 497 272 464 152 158 422 462 202 126 445 431 130 176 217 294 69 
240 189 406 338 435 307 272 288 294 111 59 135 374 17 420 380 31 481 121 192 
148 20 51 38 67 93 12 128 52 58 100 129 432 465 457 51 454 217 411 165 
136 495 120 481 341 427 241 474 331 65 104 176 252 398 476 265 329 9 469 190 
480 156 255 274 485 310 411 343 105 314 172 170 240 142 81 270 448 225 37 472 
430 97 317 93 257 263 25 471 13 137 266 59 114 472 99 150 368 363 199 242 
455 238 188 246 194 424 292 413 150 181 216 471 358 282 261 132 43 61 42 82 
338 292 11 494 461 43 406 240 355 113 263 458 37 407 120 467 441 475 26 266 
368 139 496 435 195 498 205 223 179 36 497 197 292 134 433 356 261 263 437 158 
345 320 116 75 165 427 292 23 56 344 486 68 229 9 14 375 52 6 160 170 
334 310 239 186 492 178 325 12 331 157 253 197 482 67 63 312 244 209 146 474 
374 331 49 264 115 454 313 169 85 448 290 415 218 342 18 435 198 354 438 377 
64 292 189 226 439 452 230 375 344 20 23 450 132 223 260 463 252 28 101 274 
420 85 111 162 282 418 118 496 252 96 483 192 158 361 216 175 436 153 201 75 
174 99 75 56 419 152 162 90 160 480 8 245 147 370 391 171 444 491 150 340 
86 125 268 128 275 153 210 369 164 304 461 73 15 2 173 22 252 92 240 494 
478 43 444 290 291 36 39 467 285 6 411 36 66 356 6 132 216 231 458 325 
171 347 451 297 64 143 28 384 287 230 288 194 459 108 366 283 65 243 424 291 
361 488 413 109 72 490 147 21 178 338 252 44 65 154 103 367 354 167 146 199 

368 303 384 386 480 361 488 244 343 314 288 340 461 178 4 322 488 473 100 436 
282 390 350 367 248 314 350 1 271 487 348 88 285 414 316 282 153 208 169 372 
217 462 317 15 116 257 82 392 37 1 129 273 471 413 57 417 308 148 52 429 
244 302 375 493 233 325 137 176 364 92 212 304 402 495 272 225 222 306 416 197 
190 497 94 152 248 471 72 195 196 138 125 171 280 225 432 63 481 434 212 31 
87 430 239 214 169 322 444 272 218 77 387 191 317 472 251 312 470 67 291 358 
5 164 421 486 229 354 401 340 492 135 243 262 264 100 158 63 137 249 193 35 
44 314 26 66 342 343 131 485 90 255 264 440 144 228 228 82 359 413 389 283 
31 75 294 186 306 303 444 298 43 464 43 275 336 57 252 288 48 168 287 431 
54 387 279 233 276 492 360 24 467 210 62 87 34 256 458 391 227 413 138 499 
409 484 258 493 437 244 435 40 56 359 431 261 140 480 132 395 258 132 242 35 
496 17 183 58 50 78 255 372 289 272 243 346 464 336 364 12 294 246 168 191 
198 425 473 422 354 178 356 154 3 382 41 488 352 433 376 421 220 192 435 484 
35 84 430 242 257 216 120 103 411 184 419 489 188 91 361 267 93 267 209 310 
497 497 17 351 374 301 165 423 129 377 81 119 21 190 316 305 451 439 395 5 
338 370 439 230 498 5 174 209 450 253 193 307 102 140 325 10 121 224 341 267 
290 390 352 462 104 464 71 245 54 281 301 259 444 487 71 203 107 13 456 307 
381 205 311 336 280 76 5 389 27 186 285 75 193 413 419 271 213 236 170 332 
220 297 98 35 69 9 83 207 436 113 422 303 69 10 491 172 348 473 403 138 
142 191 376 174 315 274 266 200 371 225 287 10 469 401 420 473 345 448 475 163 

163 487 411 82 442 162 110 71 121 230 328 137 177 151 157 218 53 406 28 238 
425 105 10 109 97 60 361 306 160 337 149 129 472 322 107 72 399 397 298 388 
248 362 45 445 284 98 322 27 471 55 495 245 491 270 419 324 327 406 158 216 
199 118 346 221 280 428 75 494 271 184 96 159 405 419 248 299 40 493 444 105 
283 63 141 305 4 149 363 453 22 308 282 24 35 142 482 61 94 238 286 350 
119 352 53 46 234 293 413 20 241 196 217 214 275 106 343 81 178 429 12 293 
151 424 128 199 158 417 43 120 23 477 251 487 333 435 383 348 116 278 447 397 
418 295 240 298 276 89 397 144 334 279 228 461 35 13 268 50 48 48 282 195 
339 82 25 30 421 286 462 354 479 415 204 404 182 317 487 406 374 160 426 110 
458 49 494 162 216 270 277 421 275 39 306 279 88 200 173 12 492 378 133 139 
493 79 443 93 174 63 460 316 4 64 329 229 272 271 461 415 124 38 164 481 
453 205 90 258 244 387 369 396 120 145 215 155 130 148 396 141 213 462 404 160 
41 304 236 337 30 111 159 240 12 463 403 292 130 445 96 27 182 230 495 37 
405 449 405 61 431 246 356 151 355 474 391 293 12 398 479 283 15 131 124 325 
13 241 218 309 150 203 298 169 191 86 97 130 216 296 411 485 130 32 365 337 
85 430 476 43 213 204 417 78 211 470 73 190 70 416 68 153 174 43 174 331 
15 64 271 325 134 497 92 446 21 305 417 154 375 442 407 84 85 256 123 459 
418 279 174 200 207 280 313 289 168 263 37 133 43 239 74 394 284 64 3 49 
17 6 183 324 151 89 222 266 255 139 108 401 372 35 451 462 113 278 494 354 
250 456 498 372 425 185 236 24 300 326 132 443 348 18 330 23 117 19 387 155 

120 117 218 91 408 142 115 433 49 175 203 485 249 140 391 359 211 74 147 352 
262 307 239 466 43 455 175 89 498 366 48 79 57 96 415 222 330 402 147 135 
75 360 105 294 391 66 141 391 312 240 95 383 171 477 307 178 132 230 415 176 
200 411 455 31 280 370 389 128 232 25 401 481 283 3 146 141 71 341 463 225 
196 18 409 433 56 167 376 344 460 271 266 110 192 229 116 315 159 427 490 446 
211 303 85 498 490 143 168 254 264 377 154 469 224 270 498 376 456 494 465 446 
185 216 97 457 178 38 478 214 336 378 38 278 313 16 41 61 53 132 259 19 
176 314 121 283 253 64 124 213 467 206 32 477 244 56 368 258 86 283 214 86 
68 197 238 111 195 465 315 114 104 218 204 205 76 482 422 137 273 214 329 68 
45 175 342 391 297 457 203 161 36 24 42 125 20 238 380 202 79 249 233 8 
125 280 312 495 426 12 332 214 460 377 189 212 147 317 432 405 383 341 476 167 
291 154 89 225 340 9 455 370 330 346 490 455 388 227 387 366 95 104 142 172 
19 294 23 57 391 149 78 360 126 85 243 17 421 57 97 193 8 56 157 61 
400 372 203 497 305 65 463 82 209 278 157 313 449 219 354 61 435 75 120 244 
323 291 399 225 299 250 44 75 28 297 471 483 283 110 499 165 273 458 304 77 
312 181 51 414 345 276 416 448 79 357 406 445 165 255 296 381 73 458 435 63 
174 316 116 351 349 262 352 320 60 305 193 370 32 166 260 235 276 147 417 208 
12 197 381 407 455 95 84 137 30 5 337 415 106 312 130 9 292 417 18 255 
222 182 475 453 210 38 448 372 485 458 143 95 413 402 162 371 381 361 298 328 
477 365 27 152 39 114 9 321 306 397 252 267 82 114 238 196 359 100 82 116 

488 383 222 401 357 452 192 147 8 259 233 11 326 162 117 180 191 152 137 50 
149 71 455 410 63 331 266 297 89 162 238 435 202 404 360 387 280 48 305 11 
342 107 217 228 139 18 167 129 145 120 132 389 271 200 411 424 104 428 233 393 
453 11 246 274 163 391 214 165 183 79 482 232 279 46 481 354 80 54 226 71 
325 198 305 295 313 122 430 455 11 168 7 313 352 9 141 169 157 425 303 366 
397 282 356 337 429 208 308 409 433 15 427 311 167 46 231 280 351 485 195 463 
83 241 353 209 31 44 147 46 390 379 362 333 376 297 449 58 287 414 285 83 
224 224 181 483 270 199 204 246 401 15 152 487 31 93 326 395 187 489 384 408 
493 100 27 46 427 359 86 159 401 61 118 99 355 5 334 20 441 231 499 401 
315 103 173 113 343 54 375 260 85 178 348 353 6 128 15 248 371 84 290 402 
304 164 428 446 134 352 135 271 325 363 103 158 275 442 181 288 41 69 70 264 
310 38 150 288 165 362 425 115 80 376 99 355 69 184 228 60 421 171 274 195 
154 8 338 259 202 214 496 133 228 212 55 460 400 187 103 135 69 109 390 259 
82 441 255 194 498 351 269 146 41 159 424 193 73 322 212 358 14 134 145 304 
72 351 436 20 20 237 374 384 135 202 446 91 454 191 89 440 191 256 153 369 
481 299 191 86 399 132 429 243 248 225 142 43 295 179 17 262 209 482 447 122 
285 115 56 7 272 165 475 340 405 358 457 149 153 195 367 99 365 387 99 50 
166 25 230 468 179 44 258 489 479 446 382 245 212 265 271 32 296 1 400 239 
153 88 377 71 438 240 282 495 47 129 23 487 112 361 197 112 406 374 375 315 
453 338 27 31 176 206 283 316 293 24 141 88 176 227 487 32 16 279 481 480 

425 454 177 188 482 481 438 421 373 62 399 76 251 331 182 286 363 367 114 354 
259 498 288 217 257 60 195 461 285 187 225 214 311 19 101 9 286 130 376 442 
61 376 403 297 380 463 467 321 39 128 273 334 487 370 480 263 176 494 497 6 
147 132 393 5 193 491 474 88 356 274 282 238 106 258 289 226 333 354 446 312 
226 30 13 238 336 286 478 152 297 436 39 460 188 29 497 349 2 445 49 45 
104 23 172 298 361 387 239 108 397 330 308 447 279 272 171 407 121 19 58 251 
309 487 487 112 232 128 493 312 169 399 228 257 70 240 314 244 389 491 238 364 
75 91 414 70 5 356 446 137 20 477 113 79 327 336 235 431 136 137 219 65 
251 170 473 225 217 178 160 20 369 114 85 438 405 193 170 77 448 54 124 197 
491 335 280 120 266 121 204 489 122 314 149 31 181 52 253 170 106 416 20 79 
424 90 115 491 453 273 317 488 134 484 128 272 3 157 478 497 29 330 179 58 
257 253 51 210 93 359 165 332 246 344 216 178 468 461 257 425 453 55 193 270 
460 431 197 414 171 160 93 401 166 330 123 234 49 317 289 373 325 46 447 174 
490 119 276 63 211 413 297 160 421 2 392 302 272 229 328 10 412 488 211 33 
164 351 353 99 298 85 250 140 495 479 483 461 334 287 210 367 33 316 446 329 
59 375 112 321 6 323 204 465 167 165 23 441 459 430 55 446 383 234 29 109 
135 451 185 30 463 310 76 431 364 116 107 183 101 152 269 299 297 176 444 186 
86 185 33 134 81 160 182 314 5 480 189 76 110 258 171 336 464 185 397 109 
120 60 192 246 481 170 22 376 162 61 455 393 472 399 408 468 94 495 184 136 
42 336 334 130 270 251 49 134 437 266 455 7 255 50 10 204 450 61 21 457 

349 278 382 183 69 138 398 58 141 193 21 450 479 387 443 125 125 414 31 420 
289 309 182 32 72 15 183 6 275 193 155 473 7 317 245 171 210 446 21 236 
356 158 283 282 409 163 27 474 348 118 79 191 94 213 103 376 96 219 164 175 
219 234 97 34 308 315 43 212 165 268 327 399 278 106 391 242 208 213 190 255 
224 172 479 256 353 496 128 186 467 499 287 48 137 253 357 208 78 316 50 134 
117 9 203 318 109 319 342 348 367 306 419 344 68 164 329 347 442 53 449 440 
453 487 86 308 45 442 421 22 18 489 286 288 159 412 441 67 228 244 431 383 
404 242 124 140 321 86 107 300 118 73 398 66 188 299 188 396 382 451 285 168 
188 205 450 431 29 421 39 37 496 20 422 228 376 351 387 398 240 374 366 143 
288 203 304 296 312 11 322 110 55 130 32 84 330 487 242 41 249 211 148 148 
388 127 365 194 112 371 379 357 305 66 455 54 266 276 183 45 178 29 130 400 
157 127 235 445 416 310 39 466 414 444 96 154 178 167 301 141 51 265 61 287 
475 271 56 345 52 399 442 32 121 408 339 432 57 349 364 405 332 356 21 455 
367 145 153 204 18 454 445 114 413 169 32 388 6 21 130 278 323 252 117 461 
461 324 283 238 187 388 481 475 75 240 235 184 484 433 92 99 107 2 182 192 
106 117 304 179 355 26 338 219 286 332 301 101 66 87 25 74 336 143 127 233 
450 332 258 337 87 202 420 394 139 238 333 356 403 273 433 275 63 400 90 496 
217 339 56 483 476 192 259 115 84 468 369 423 107 213 148 152 211 439 298 113 
266 130 455 350 265 428 441 46 214 267 429 380 243 35 10 62 350 302 348 440 
59 373 19 124 442 223 17 110 240 107 81 211 394 175 124 483 431 337 482 158 

475 198 316 22 94 459 10 12 163 29 421 432 308 84 196 67 114 94 400 108 
277 327 400 273 85 309 1 224 153 351 212 355 472 267 33 11 90 239 258 23 
381 229 33 459 58 152 129 294 265 172 388 147 291 151 239 238 276 271 38 158 
159 346 406 416 397 47 413 302 62 83 105 276 181 17 239 408 82 358 385 465 
151 14 355 45 154 139 353 225 79 434 338 197 381 166 326 295 297 271 248 22 
340 299 345 1 454 396 40 321 448 158 64 262 476 113 121 144 250 399 470 217 
156 252 90 440 103 195 476 112 443 411 191 380 313 340 212 365 435 308 173 184 
234 4 353 123 481 110 93 393 421 58 124 495 92 107 119 394 473 18 39 145 
57 479 29 248 350 348 107 181 53 343 1 364 329 12 98 9 191 134 128 366 
363 384 219 5 155 76 431 176 109 49 237 151 313 454 457 166 113 68 300 412 
105 436 9 240 174 260 309 75 90 78 411 400 237 222 318 96 41 216 19 421 
400 363 93 363 41 423 293 416 248 309 193 144 281 395 190 336 272 44 452 90 
302 278 317 261 54 79 206 51 55 359 101 41 19 380 358 289 436 482 443 445 
120 12 172 428 482 281 437 396 252 73 345 400 141 40 245 332 109 389 369 476 
65 353 423 437 12 499 2 309 428 141 447 185 155 194 255 126 254 182 462 124 
37 38 72 21 300 148 98 185 144 69 491 426 336 384 484 488 283 54 228 406 
108 7 220 371 98 53 477 143 202 317 55 229 88 340 99 6 297 252 142 275 
43 430 74 410 259 354 478 91 216 246 351 186 364 483 302 397 322 351 473 410 
63 78 337 145 240 3 274 351 294 111 57 324 22 166 298 193 79 264 213 337 
117 110 46 65 460 138 196 13 423 105 141 147 88 176 24 427 101 109 149 33 

52 49 65 385 81 52 206 35 398 227 227 175 465 144 280 189 275 225 342 427 
317 388 495 476 291 398 170 261 475 24 216 66 208 90 368 372 227 77 475 30 
99 191 434 456 36 307 313 253 190 145 150 35 303 351 453 182 75 51 124 202 
94 205 199 449 238 359 99 332 358 162 56 378 171 193 348 444 217 222 214 364 
409 463 487 19 207 386 143 30 354 391 102 262 418 289 462 234 153 383 22 285 
420 309 469 327 4 352 84 221 52 36 280 456 138 365 25 391 188 447 82 344 
61 75 430 170 251 47 85 367 72 3 295 407 311 349 88 485 11 442 205 133 
6 230 113 67 363 196 301 429 121 194 65 319 487 427 84 33 446 475 54 132 
125 337 140 494 446 150 413 76 409 472 383 334 218 312 273 475 9 362 230 202 
153 157 321 476 353 258 190 192 238 68 80 78 269 376 421 398 140 271 360 358 
57 492 497 294 287 484 357 142 313 281 215 7 66 36 123 357 168 198 448 261 
89 183 480 27 174 334 19 382 102 408 44 297 82 260 146 5 375 258 241 99 
142 56 409 220 308 281 448 256 20 264 425 232 38 474 264 101 112 36 182 23 
34 117 309 113 59 92 298 319 3 480 206 210 483 391 77 154 327 3 157 182 
402 267 199 171 95 299 353 179 39 342 444 249 63 219 95 256 69 472 269 18 
480 280 261 490 396 136 389 91 216 144 317 418 424 225 277 188 382 57 364 329 
407 80 260 190 477 68 482 298 392 322 428 39 319 80 30 499 487 467 456 264 
321 242 156 188 286 243 398 224 241 20 199 131 247 348 58 480 121 445 392 398 
446 54 360 100 468 230 77 38 390 490 270 445 148 180 119 81 349 469 221 323 
374 342 176 189 112 357 219 422 174 80 157 357 478 251 2 132 11 441 385 348 

91 387 136 276 77 43 393 477 147 302 463 19 496 468 377 300 478 65 80 403 
264 178 356 27 454 494 411 75 279 221 432 383 354 121 206 269 26 468 272 435 
268 290 128 140 115 233 392 207 77 415 75 125 368 497 396 414 109 22 127 490 
298 474 374 304 287 491 253 492 394 465 363 259 28 311 341 157 167 327 7 112 
432 165 393 480 402 354 46 221 60 146 181 79 2 271 180 12 225 344 143 451 
3 256 9 250 458 1 380 454 413 8 217 275 246 466 463 384 37 254 284 267 
439 263 289 420 355 209 416 206 126 292 113 3 61 444 209 491 179 494 171 339 
76 498 34 498 237 191 291 16 394 366 262 112 216 401 28 282 16 364 475 326 
351 368 39 190 205 220 367 398 243 203 392 278 75 367 305 298 206 307 436 471 
11 76 433 482 448 60 415 192 303 250 476 433 166 63 182 433 390 391 333 5 
433 119 108 299 84 137 495 284 392 90 41 364 198 283 362 145 350 210 208 202 
489 293 242 175 288 494 383 455 443 374 354 499 1 424 349 64 444 296 499 96 
348 274 227 83 484 198 457 132 280 370 28 341 162 380 376 242 353 251 377 334 
111 41 167 229 413 444 148 65 145 180 105 364 66 14 110 9 120 450 344 129 
64 29 435 303 278 191 7 322 370 20 380 169 146 473 35 454 22 283 178 432 
481 308 203 439 262 342 35 182 450 275 77 3 419 255 252 222 97 358 456 445 
58 251 373 75 152 112 393 239 496 351 47 460 451 471 65 322 436 326 225 440 
310 399 57 15 191 471 341 457 494 320 118 247 339 139 490 51 265 13 22 25 
473 218 463 37 204 393 99 159 4 197 203 475 471 492 8 225 255 133 152 217 
147 80 84 353 301 76 185 137 54 291 109 108 7 286 470 274 104 86 268 418 

411 150 432 112 169 440 274 212 18 112 115 305 135 73 5 91 62 445 369 41 
84 205 420 364 129 477 489 190 290 72 353 31 377 72 109 64 166 140 133 417 
439 277 429 267 27 475 228 242 296 384 213 17 308 314 171 20 235 363 90 149 
233 182 139 252 47 37 195 269 449 215 437 214 15 60 220 376 472 151 16 426 
376 471 436 76 366 488 15 455 25 369 469 347 221 212 172 349 323 253 338 3 
296 246 66 310 384 276 267 321 322 294 302 249 9 385 233 453 122 231 358 218 
298 495 46 174 476 15 161 160 220 292 369 378 361 461 337 326 409 390 78 112 
296 136 361 393 314 464 349 483 446 269 154 378 290 417 485 445 231 299 7 198 
420 264 1 22 32 392 140 304 492 67 106 342 476 97 254 122 108 268 62 36 
498 372 298 261 376 308 477 161 227 337 24 7 203 20 26 444 467 462 369 285 
252 139 309 484 362 497 438 271 491 251 460 318 475 280 394 458 10 367 234 211 
244 154 169 451 440 198 267 468 355 275 480 234 300 66 67 298 430 292 93 16 
339 79 83 147 304 440 351 173 252 475 64 330 264 137 280 309 112 222 306 261 
469 22 233 351 234 100 355 18 324 97 92 116 115 379 341 225 361 199 290 125 
270 101 308 290 81 118 106 151 259 405 438 237 170 424 373 29 387 37 412 325 
326 8 8 248 326 361 393 7 203 72 37 286 71 328 483 439 53 319 204 214 
375 147 477 330 113 450 54 109 284 404 483 216 151 14 239 11 388 199 397 428 
123 138 433 402 365 174 436 328 402 128 252 33 355 88 122 84 222 125 443 404 
255 248 496 217 75 138 280 328 279 204 135 194 6 217 88 316 127 148 463 55 
5 150 339 483 129 248 182 70 51 313 455 9 423 84 263 79 465 159 24 498 

464 258 173 157 77 316 168 109 176 400 297 38 361 343 198 248 317 474 437 401 
461 317 42 380 198 134 44 385 405 357 140 420 152 214 27 274 139 487 155 295 
207 416 480 84 373 406 24 78 41 415 151 354 286 179 200 2 275 108 302 161 
70 447 245 54 318 119 493 59 27 271 354 289 50 142 344 88 329 311 438 302 
140 86 163 183 54 97 349 156 245 472 393 328 353 187 247 251 367 117 465 172 
222 102 208 444 224 82 3 143 404 394 166 331 460 90 10 213 493 225 80 400 
248 348 201 420 339 352 318 23 309 33 345 280 17 268 353 184 168 234 205 15 
212 336 186 130 430 344 322 97 214 102 19 170 211 353 415 223 181 266 254 245 
424 161 435 4 251 324 364 236 414 177 70 341 425 404 328 22 11 213 249 349 
491 474 30 39 248 131 178 340 442 295 47 153 82 387 4 438 65 357 54 124 
446 105 57 362 311 74 215 249 106 158 369 381 458 90 150 202 205 140 338 457 
80 486 244 89 44 180 334 363 424 400 1 114 107 395 378 70 229 111 238 304 
493 38 427 365 405 10 254 99 337 465 203 245 475 374 415 426 29 88 119 211 
446 53 186 41 346 310 96 362 437 231 215 17 175 421 457 340 211 291 300 319 
483 412 245 164 368 378 478 96 199 397 310 67 305 202 251 161 223 289 266 380 
413 104 475 148 150 64 116 104 82 464 11 284 478 314 327 20 215 419 308 335 
4 197 80 248 98 306 41 121 14 481 228 394 191 38 260 406 437 159 473 471 
351 413 226 254 429 324 81 102 422 122 399 347 187 327 312 2 214 222 47 270 
20 231 148 111 111 487 61 189 320 327 77 282 487 189 57 366 489 349 350 436 
358 284 34 248 162 150 454 151 223 129 366 338 221 251 144 105 136 248 54 129 