20 20
36 40 58 15 89 33 97 23 99 88 30 14 88 75 58 55 7 51 56 90
47 70 98 94 24 89 71 3 66 25 46 81 78 46 18 87 59 83 46 56
36 63 77 52 25 68 12 74 74 24 7 59 94 96 84 12 50 63 97 31
83 74 42 72 12 2 20 30 6 37 95 47 79 96 63 75 21 3 19 93
56 93 3 51 56 56 95 16 97 75 12 62 74 52 95 22 40 43 27 51
84 52 7 14 52 32 18 88 37 87 98 25 49 86 34 50 13 6 21 21
3 36 66 47 24 15 15 56 81 80 97 67 90 40 39 41 35 38 43 97
29 75 89 69 45 21 3 98 94 60 94 7 18 74 24 29 51 51 61 31
12 51 9 81 60 57 73 67 39 89 12 58 27 23 20 74 10 69 30 4
99 74 64 90 80 47 23 71 61 17 22 78 28 21 17 36 53 96 42 58
9 93 22 91 25 54 96 25 92 26 51 89 77 91 47 16 43 67 67 67
83 79 24 34 33 87 32 17 21 6 75 43 67 43 76 19 16 17 50 47
52 86 84 60 78 27 84 25 55 54 3 99 30 32 24 29 89 23 11 22
46 87 69 10 32 87 20 40 43 48 30 98 25 93 49 80 95 78 30 81
84 53 81 69 74 11 9 89 50 8 65 74 92 15 9 25 34 65 96 99
14 92 47 42 11 89 4 55 64 99 10 10 39 79 7 72 41 90 85 8
2 7 56 15 76 33 43 17 18 97 30 30 60 43 20 60 92 60 1 63
60 85 15 95 10 84 23 44 26 48 23 87 67 76 97 71 73 63 63 87
21 37 47 43 59 94 76 29 91 50 60 56 48 7 50 11 38 7 76 93
29 9 33 48 78 9 63 24 13 90 29 57 97 1 25 38 32 72 38 64

213 471 241 307 138 128 99 232 363 67 361 135 173 170 331 185 127 152 156 432 
245 438 129 221 485 54 397 320 44 10 447 1 349 336 129 186 215 82 197 484 
388 10 308 208 260 243 426 17 213 33 141 162 308 264 236 474 308 45 328 113 
408 210 171 144 52 382 243 28 1 494 401 458 347 81 476 51 159 266 215 402 
349 272 384 471 1 493 32 399 174 271 440 12 92 110 418 170 451 235 399 125 
423 434 65 147 13 432 437 291 492 494 204 136 5 315 267 380 247 184 102 322 
494 74 484 331 370 447 395 161 119 258 321 392 102 58 346 241 21 338 205 449 
49 118 208 453 338 409 101 190 61 49 391 14 361 450 367 410 438 51 279 234 
403 380 16 392 253 385 198 125 19 318 280 402 99 411 118 196 132 40 351 140 
14 304 52 423 303 133 9 161 345 231 125 9 457 223 348 296 56 214 148 120 
367 150 312 215 267 260 142 11 363 297 6 411 456 266 43 401 372 323 107 84 
102 365 105 231 226 455 208 77 486 101 142 260 279 331 376 69 269 18 412 402 
314 346 81 6 99 389 439 303 18 223 497 440 63 36 265 396 249 436 267 75 
407 199 476 229 484 92 137 399 377 480 39 452 282 271 115 154 30 435 438 419 
261 197 298 152 427 83 231 452 327 328 204 412 122 467 211 146 162 357 483 32 
171 152 466 107 168 133 119 445 218 210 431 319 112 67 89 101 393 81 210 43 
198 316 59 116 78 76 281 178 218 400 266 308 143 185 233 170 23 451 405 129 
144 226 183 332 59 247 34 450 163 11 476 149 291 200 172 247 340 404 490 488 
392 144 295 430 490 423 24 194 230 211 373 380 138 307 172 224 164 218 164 1 
398 492 47 164 88 419 459 498 219 238 242 467 70 287 156 125 375 499 263 81 

269 93 342 470 277 27 471 361 37 143 194 90 63 433 166 186 351 45 484 322 
8 168 354 342 86 354 413 489 391 343 219 304 198 495 162 483 396 393 151 150 
3 97 268 60 424 65 368 252 448 295 121 180 382 232 331 199 5 481 469 107 
174 414 8 469 262 378 65 395 399 205 120 488 483 206 260 168 45 53 159 195 
375 212 165 127 325 300 379 242 202 3 215 358 290 427 371 410 187 50 254 45 
110 345 220 249 89 223 22 76 215 309 123 108 255 72 355 462 329 426 83 344 
414 472 216 88 368 247 305 65 221 285 39 170 260 251 25 283 308 251 265 440 
33 58 414 96 60 81 208 485 4 57 74 122 197 358 284 167 461 130 17 145 
179 301 167 400 262 37 365 46 164 286 282 220 162 454 73 338 406 328 171 137 
147 267 254 23 392 382 242 141 104 493 401 331 270 43 480 488 84 167 130 413 
174 63 247 455 16 46 314 74 246 45 190 202 442 491 5 156 295 144 440 315 
149 386 488 234 124 284 58 275 440 491 363 96 380 341 490 289 489 439 389 332 
377 23 208 136 18 133 65 398 107 411 61 307 377 292 267 289 117 318 139 131 
447 25 130 388 260 446 235 92 42 375 40 276 183 195 124 266 29 317 171 185 
21 299 122 220 364 473 171 223 351 74 133 464 62 32 2 385 40 324 103 196 
24 370 5 408 385 420 232 52 465 61 84 56 211 318 314 67 445 65 206 37 
38 114 264 194 374 486 74 151 206 336 27 128 348 492 305 426 446 426 67 119 
409 488 346 273 86 448 171 10 122 171 35 299 354 368 229 348 224 171 12 46 
251 380 208 467 406 413 5 161 25 128 157 343 170 318 168 486 245 319 404 179 
339 429 205 82 181 135 232 1 469 11 237 394 338 394 218 117 484 168 254 122 

325 75 316 224 189 470 413 141 2 311 97 330 319 340 404 405 104 124 357 262 
362 147 43 330 25 452 471 239 30 298 32 279 208 258 111 154 315 286 8 50 
240 411 238 48 491 469 246 93 398 291 58 274 368 437 459 413 269 128 211 348 
369 323 455 320 412 154 143 69 317 280 408 393 413 414 80 482 8 8 323 21 
168 157 153 35 196 234 430 242 423 228 372 376 230 403 314 478 4 108 239 203 
8 449 161 8 57 315 239 240 170 193 230 331 176 430 274 215 208 203 142 191 
421 77 325 29 307 58 194 190 490 129 212 331 383 389 473 480 129 350 251 497 
146 440 137 420 5 366 149 239 339 458 4 475 59 292 413 316 168 117 19 27 
155 251 138 111 388 189 204 162 171 211 248 424 73 274 401 272 251 389 74 270 
397 429 263 436 146 37 42 281 377 479 356 257 160 44 49 52 116 467 196 136 
427 365 200 184 337 187 144 112 292 3 346 233 85 316 287 463 191 53 112 337 
321 82 26 201 89 474 122 295 499 223 8 289 193 68 213 449 260 52 92 251 
437 328 108 381 434 335 67 416 279 498 248 376 73 113 398 394 430 319 319 484 
32 74 123 224 394 130 442 415 484 352 85 168 381 347 48 489 43 439 396 297 
336 330 111 390 125 337 391 437 492 485 312 189 5 98 374 106 63 265 303 63 
321 23 24 19 472 334 455 88 222 142 417 314 215 140 47 367 120 384 352 16 
89 263 258 103 473 383 339 103 284 36 231 96 370 303 294 298 389 310 497 148 
434 377 309 480 442 495 350 126 242 368 371 414 437 111 418 242 408 219 136 91 
467 385 131 247 298 171 477 106 352 256 46 277 165 432 274 380 262 357 383 304 
464 388 393 449 372 461 176 213 144 268 135 279 395 193 321 362 456 28 221 185 

288 177 384 299 412 185 378 93 447 422 45 469 89 411 299 490 280 77 335 45 
447 8 229 382 83 120 203 38 73 402 461 248 208 111 388 451 251 371 219 473 
219 251 477 354 329 74 306 33 458 238 253 57 132 283 492 139 302 140 98 2 
268 112 113 375 485 302 372 402 282 197 431 313 165 251 82 223 168 123 92 217 
416 95 472 57 340 393 482 56 106 469 270 254 276 308 455 289 135 128 402 5 
389 169 141 407 359 322 393 420 233 452 323 250 206 441 174 450 100 379 35 143 
284 477 446 242 94 174 121 164 33 489 8 395 73 450 469 489 39 486 344 47 
125 227 412 429 473 471 81 302 232 44 165 135 53 119 284 153 454 87 26 335 
86 238 245 76 102 267 384 162 491 141 331 363 495 372 387 31 306 287 443 338 
370 382 202 90 466 451 197 24 156 291 223 320 55 338 249 247 78 484 187 61 
481 288 14 348 328 182 311 39 292 151 144 118 32 427 173 319 353 369 498 479 
118 191 24 46 374 451 184 490 455 97 273 8 231 475 361 444 229 315 354 161 
408 481 191 286 489 485 231 338 369 268 197 95 378 341 203 98 6 336 115 338 
293 326 197 20 430 174 301 476 353 163 418 129 15 158 268 299 102 445 476 469 
370 261 466 465 40 101 355 480 111 243 439 286 24 446 15 383 31 252 32 442 
191 406 446 251 486 372 356 146 242 109 222 103 307 452 274 161 483 231 427 441 
390 18 17 285 319 13 486 312 453 336 473 33 448 362 45 382 408 231 86 87 
241 420 105 243 103 311 11 226 28 20 10 290 30 39 281 93 67 231 146 472 
472 391 125 32 292 299 109 348 324 141 464 161 367 278 189 413 307 342 254 171 
209 317 352 429 218 429 394 13 158 447 158 359 278 123 455 373 196 19 183 171 

170 491 392 54 343 47 61 366 173 338 403 414 126 440 336 239 54 173 50 333 
15 293 295 333 194 180 298 371 325 193 395 482 459 167 137 244 454 129 377 362 
209 208 401 375 153 431 384 353 349 287 462 442 168 219 162 134 13 299 390 154 
303 200 99 209 87 247 36 94 1 124 444 230 364 69 476 112 164 266 142 320 
179 495 3 86 496 56 193 60 352 196 348 134 403 317 112 26 399 262 291 95 
386 426 105 377 482 131 40 215 98 163 445 35 477 377 367 323 151 74 359 116 
485 405 330 176 32 97 221 247 197 226 188 322 207 176 389 439 437 12 39 137 
481 239 366 213 270 357 3 210 207 5 71 145 345 226 244 418 296 90 379 491 
217 352 398 96 43 465 412 306 7 217 479 162 11 411 309 50 279 147 442 173 
170 459 395 10 170 284 485 106 18 123 55 195 385 223 333 246 476 307 43 320 
386 394 29 306 362 86 8 153 298 203 446 30 49 465 478 493 293 352 426 482 
78 485 129 116 459 445 32 426 84 304 118 351 393 393 88 460 453 49 364 239 
160 86 265 169 396 494 216 258 126 219 30 235 186 284 44 58 376 20 115 71 
323 450 212 142 330 445 490 89 223 85 377 309 380 357 124 222 325 200 177 435 
289 495 321 416 137 241 382 269 349 395 260 6 194 352 406 474 317 299 160 150 
229 309 123 227 271 50 234 259 391 219 249 113 202 361 249 34 233 93 369 7 
444 372 460 147 442 175 421 55 196 273 464 51 54 410 442 306 331 408 58 18 
498 284 184 115 425 234 408 447 29 136 485 235 148 358 338 482 354 473 60 42 
311 444 449 441 448 331 263 183 56 135 231 278 192 281 208 454 327 152 126 74 
200 497 357 442 493 391 365 25 62 426 36 330 334 249 175 360 440 234 148 439 

315 128 363 227 314 188 371 466 450 289 215 265 39 248 336 153 388 481 235 67 
249 67 78 42 465 35 67 289 307 322 262 126 308 214 66 447 221 30 216 15 
6 426 122 95 361 354 135 84 357 241 341 247 316 204 238 75 11 188 366 450 
367 118 416 247 381 69 83 26 416 366 260 37 420 336 5 32 84 3 136 309 
95 333 367 122 398 34 386 97 370 125 414 297 56 19 286 473 196 256 45 450 
203 80 61 457 174 50 394 140 51 53 443 385 371 161 87 126 53 473 102 183 
287 114 140 168 280 206 353 96 58 78 415 458 447 377 447 165 48 427 371 313 
192 414 81 368 77 14 195 309 458 360 50 315 381 469 403 202 363 343 444 98 
427 394 137 341 212 84 426 42 445 343 262 407 139 85 259 406 319 66 420 46 
308 286 5 256 154 267 281 422 43 232 481 141 49 39 186 66 428 498 106 380 
485 310 220 255 231 209 96 324 203 30 46 381 252 39 255 284 406 451 343 200 
450 379 466 468 322 292 165 437 237 24 324 332 178 69 429 222 226 199 4 280 
458 343 42 326 472 197 270 261 414 468 328 167 348 45 497 177 138 490 278 58 
64 103 352 492 89 183 435 28 407 416 145 295 28 378 482 343 327 164 13 198 
74 351 203 264 220 124 380 112 248 337 67 461 378 368 166 306 177 435 210 138 
271 350 133 354 383 139 454 61 390 360 207 117 241 147 371 172 223 284 118 436 
2 29 78 360 476 99 188 431 463 94 14 322 189 469 159 40 141 437 253 85 
368 156 186 142 185 104 103 94 459 145 61 146 175 255 317 145 327 179 306 341 
151 218 71 90 162 168 4 185 400 205 262 100 199 190 48 91 405 12 232 188 
480 247 415 214 431 54 159 132 176 233 490 280 209 169 434 82 252 468 195 141 

457 396 471 209 186 372 50 286 45 151 99 282 42 170 249 468 157 175 137 401 
213 445 454 121 43 122 409 443 177 45 486 290 89 461 21 350 487 482 18 301 
419 395 86 374 154 91 94 383 218 90 38 433 391 106 399 34 87 352 447 428 
247 23 190 156 447 339 329 476 127 38 52 34 91 328 295 112 299 216 363 268 
287 342 440 176 471 279 8 224 207 399 93 142 339 299 203 156 53 22 334 329 
464 385 70 192 194 412 298 214 367 221 234 158 225 110 87 305 53 437 222 466 
430 63 357 295 466 193 326 384 450 161 93 254 50 476 213 392 194 178 47 75 
427 143 42 204 5 134 298 228 463 470 14 323 342 268 126 479 306 275 499 89 
408 10 60 137 439 321 369 186 358 40 36 341 92 470 222 398 286 417 156 182 
295 249 179 462 446 329 87 217 122 459 286 474 178 27 60 457 488 265 201 350 
126 219 475 432 323 409 41 223 236 225 149 294 66 75 203 412 251 498 457 472 
366 403 195 1 446 232 117 275 32 108 286 453 355 58 344 235 319 190 410 132 
250 289 448 343 394 483 131 105 256 29 68 323 269 222 257 382 426 42 78 19 
298 326 161 405 163 409 497 124 173 95 22 113 233 257 433 311 387 471 320 421 
374 126 396 15 293 3 67 263 358 46 85 437 315 307 186 160 70 125 161 266 
6 267 10 76 385 201 61 446 224 431 484 239 309 359 358 113 156 230 261 43 
410 27 33 241 239 96 158 243 453 336 380 70 212 302 208 335 266 425 472 384 
345 360 32 428 20 72 119 6 330 415 46 107 30 431 479 352 73 429 283 13 
8 451 402 233 190 216 466 38 339 159 301 430 104 241 273 375 407 120 93 419 
356 210 288 178 423 157 140 59 311 237 197 66 131 113 204 165 303 146 82 160 

134 111 172 415 418 474 222 483 91 234 343 108 265 361 333 430 394 174 97 381 
27 263 431 202 188 319 85 142 131 145 440 481 377 440 176 128 467 91 427 258 
229 344 175 60 146 281 366 19 192 232 226 387 262 464 315 51 318 241 366 52 
390 30 358 474 395 226 266 305 475 3 385 392 236 419 218 331 484 343 368 185 
117 105 280 104 127 8 316 235 369 118 257 187 406 41 25 387 470 160 248 468 
117 270 445 29 27 70 466 16 156 461 113 406 162 459 195 2 313 143 49 112 
444 480 270 112 294 36 53 227 32 265 354 183 400 452 230 494 458 279 260 1 
107 58 392 29 279 378 1 351 137 467 439 19 452 78 315 134 458 371 307 438 
3 140 328 54 452 456 69 365 167 106 62 60 240 96 350 457 257 377 329 166 
411 178 412 206 417 9 486 269 57 242 174 106 233 414 180 129 211 8 365 420 
106 376 207 409 90 440 163 189 127 412 133 124 490 300 360 71 364 366 65 164 
181 316 445 41 278 136 110 264 35 368 306 200 260 231 339 274 436 23 407 23 
417 283 200 142 372 227 280 32 493 292 107 404 417 93 69 10 325 234 354 430 
337 353 54 176 182 228 337 487 182 359 361 383 470 170 395 409 94 441 228 191 
83 122 231 407 310 112 474 395 37 268 248 138 165 144 419 252 214 119 284 460 
350 60 346 231 165 203 38 410 85 208 95 45 83 341 316 401 119 174 139 8 
237 405 228 351 175 148 31 212 29 21 210 440 34 354 22 364 264 143 258 310 
356 146 41 116 425 148 398 327 444 181 295 140 342 190 318 425 294 83 305 381 
326 292 394 42 431 425 424 113 344 277 128 239 9 77 376 178 252 250 200 429 
244 302 226 133 411 335 36 475 5 291 87 489 382 286 280 368 26 415 177 5 

261 466 135 124 483 61 283 153 71 72 70 326 119 220 470 489 182 164 385 417 
168 274 228 272 253 356 175 452 2 324 468 363 385 477 361 124 54 369 433 180 
283 346 373 4 336 394 207 147 461 330 218 2 493 473 357 89 97 433 485 252 
380 312 213 471 257 40 468 190 115 427 365 240 59 331 398 97 152 207 309 205 
319 432 46 441 480 417 385 203 483 268 140 169 19 214 386 152 179 439 461 369 
468 290 29 329 135 346 435 283 68 302 51 323 235 10 312 356 490 452 98 314 
491 334 367 283 312 289 35 46 332 358 11 272 370 260 233 323 50 8 475 413 
209 276 243 48 166 458 468 302 475 6 478 82 51 200 225 294 348 90 149 245 
165 446 20 395 423 292 296 34 107 19 268 70 417 476 190 13 244 493 265 404 
247 37 147 162 441 435 279 73 391 324 199 337 299 358 95 85 314 245 496 488 
477 325 182 424 96 478 259 308 329 396 143 430 7 382 430 123 247 337 28 115 
455 205 145 379 23 22 49 264 330 378 219 145 292 472 115 188 488 358 10 489 
441 337 35 423 252 187 262 7 143 318 468 415 256 332 34 337 439 113 256 263 
207 324 208 49 283 471 249 112 222 305 488 278 124 28 483 441 199 126 273 114 
425 327 244 305 445 140 256 412 197 128 109 463 70 8 151 75 398 145 420 241 
361 246 386 271 200 181 211 344 221 50 306 355 280 160 483 441 198 117 14 151 
163 405 488 458 203 456 188 301 175 38 457 308 396 460 19 64 440 432 208 386 
448 432 378 233 321 432 427 124 397 279 491 69 4 230 38 403 450 320 120 76 
264 271 348 304 187 284 451 428 265 278 40 392 64 391 372 423 476 365 384 377 
276 91 256 122 373 101 443 479 313 128 20 227 198 430 88 433 491 248 244 452 

481 33 259 88 98 285 235 391 438 317 432 491 139 9 375 134 196 12 84 314 
195 389 151 200 198 132 149 217 346 358 62 366 13 210 277 373 152 31 26 283 
85 55 364 34 328 81 74 163 14 101 430 260 447 488 133 135 121 207 237 284 
346 93 399 28 264 427 481 462 305 321 480 464 407 468 88 415 278 381 111 60 
403 78 258 451 190 448 230 304 284 379 487 295 337 108 274 275 461 361 379 487 
26 487 267 56 227 420 319 355 332 450 170 296 80 303 128 295 466 418 227 121 
472 107 497 397 25 267 171 28 130 72 155 203 271 223 217 38 491 264 439 107 
400 256 403 310 349 24 268 442 145 466 310 394 389 196 169 99 128 158 484 264 
459 179 107 468 285 457 71 109 254 11 24 209 264 126 186 236 43 80 66 10 
402 218 13 391 66 390 191 288 241 333 180 4 124 32 398 440 21 451 352 414 
336 307 115 245 451 101 310 132 48 271 302 215 126 485 159 234 264 189 171 162 
54 372 292 304 66 12 164 116 347 21 475 443 279 438 401 86 383 125 353 426 
36 45 111 447 323 103 45 97 332 492 38 68 392 13 196 233 85 336 309 273 
378 309 387 128 149 192 66 134 95 48 276 25 471 74 154 157 264 73 247 366 
442 449 63 50 121 198 316 27 422 399 228 466 106 97 76 483 463 193 381 472 
389 235 293 38 30 162 138 51 484 26 362 14 47 302 11 430 136 217 426 392 
422 45 181 437 301 356 139 447 385 250 468 193 82 13 164 173 394 447 384 247 
298 227 152 243 67 240 305 316 194 312 488 201 470 174 144 429 434 8 371 148 
18 326 60 206 334 482 126 387 70 379 323 348 215 444 371 230 476 389 400 253 
54 437 155 9 288 49 408 366 36 103 248 11 178 344 379 269 273 208 494 46 

87 278 338 57 401 169 430 460 276 284 294 37 36 297 317 441 115 407 256 354 
1 110 293 215 83 202 120 110 43 306 498 267 103 88 308 361 279 334 277 66 
341 25 185 273 428 52 175 391 196 258 260 230 246 444 64 445 389 436 448 437 
341 238 28 103 85 431 394 475 85 378 149 125 137 394 176 57 408 401 497 211 
228 440 453 258 111 437 224 82 138 416 235 476 283 125 457 218 160 360 213 338 
200 231 446 484 319 192 308 387 97 383 154 381 440 399 20 117 174 21 85 458 
144 439 31 175 281 394 227 404 371 445 301 416 122 49 298 183 282 287 450 417 
243 418 125 221 385 63 478 218 298 466 390 212 286 163 377 94 316 464 285 374 
484 113 389 149 429 101 9 222 25 402 371 497 122 336 452 254 59 262 111 478 
261 472 375 255 62 123 110 69 193 124 407 231 127 111 29 452 223 5 417 134 
60 97 48 482 170 417 480 424 426 6 332 109 37 409 47 218 120 224 342 166 
94 344 3 149 147 370 141 147 162 99 347 192 318 53 42 192 231 39 44 100 
95 177 498 14 78 364 438 24 270 263 474 163 147 434 13 384 331 9 470 258 
359 415 49 481 123 483 49 315 411 319 154 152 143 115 248 120 445 409 68 189 
130 157 478 431 180 11 335 404 246 191 177 461 408 485 461 116 494 493 182 417 
275 456 370 370 269 399 408 442 212 474 470 474 260 190 223 251 364 168 336 238 
389 174 150 184 430 296 113 132 39 449 19 429 385 286 273 129 285 9 303 245 
56 292 173 452 202 131 345 442 26 45 213 372 44 106 257 144 152 366 187 456 
144 492 62 115 112 49 58 66 103 159 494 23 360 220 149 105 386 29 178 463 
248 306 363 247 333 219 99 123 59 153 4 258 377 293 270 82 394 37 113 315 

146 387 161 394 198 167 87 228 147 198 266 289 364 10 278 355 247 178 391 183 
145 268 78 239 428 437 370 241 177 149 204 40 48 459 399 174 247 325 291 389 
391 307 192 191 189 172 432 488 16 101 396 99 286 145 19 421 446 1 232 247 
422 474 211 279 244 271 138 405 396 235 208 2 370 331 379 260 477 78 254 198 
204 197 266 295 265 462 177 87 269 194 154 320 102 358 390 211 391 45 444 19 
481 402 432 396 111 88 124 188 219 286 341 425 201 323 143 403 219 25 443 186 
438 278 35 161 127 42 150 429 120 195 333 236 62 349 16 143 458 121 318 21 
136 88 225 448 380 324 128 151 6 324 455 487 319 358 134 339 318 295 143 448 
272 91 264 434 96 221 420 77 304 461 107 181 327 443 114 281 192 398 26 463 
201 370 265 251 51 158 167 367 170 235 199 473 290 282 54 59 236 221 14 268 
409 35 35 213 476 233 494 447 143 188 388 305 145 110 254 16 271 109 29 360 
177 84 279 65 402 360 12 304 65 84 442 15 204 339 422 495 323 68 452 441 
58 105 375 25 143 173 453 20 415 305 150 229 455 290 19 474 24 492 20 366 
390 480 210 402 325 201 497 386 347 22 327 1 87 496 3 356 370 76 189 96 
161 2 499 111 175 88 245 372 403 374 371 495 174 449 236 404 195 488 14 360 
495 289 73 373 89 112 157 366 239 494 217 307 277 60 161 211 411 220 208 321 
305 120 451 48 355 478 361 367 270 413 223 176 332 422 12 302 174 6 314 238 
113 246 179 243 178 424 438 491 444 454 495 355 190 102 459 444 200 161 264 381 
131 483 51 188 480 385 265 150 291 62 249 275 16 198 382 479 153 399 418 192 
9 393 119 27 244 265 241 142 427 177 92 296 491 94 279 429 335 9 429 133 

78 412 104 123 138 473 83 181 18 368 448 119 380 274 303 430 280 464 71 241 
36 211 359 444 272 152 38 234 181 413 190 475 359 295 270 68 191 481 368 379 
288 315 257 222 74 110 16 460 69 355 270 9 415 44 418 394 108 296 64 112 
337 460 107 312 455 58 315 389 416 267 428 411 130 488 47 205 329 357 263 274 
199 253 228 220 367 130 37 96 161 389 494 99 379 193 475 180 203 183 447 321 
287 372 205 442 475 13 257 251 462 139 11 448 296 23 432 475 330 448 481 285 
149 10 484 300 101 37 314 257 195 204 419 146 270 440 393 22 458 377 25 119 
253 183 262 51 254 153 450 360 377 443 70 456 212 372 163 19 402 455 142 126 
51 330 348 120 45 153 462 129 138 36 356 104 417 400 141 166 22 430 14 488 
146 452 197 108 36 265 168 280 42 20 394 463 37 261 491 493 478 418 202 49 
255 174 126 471 322 319 58 62 290 124 63 328 448 250 366 110 47 2 37 259 
268 202 456 37 363 362 178 288 164 315 416 36 346 395 125 340 168 324 5 473 
19 98 187 424 409 261 185 215 156 69 182 163 124 116 378 355 311 490 251 53 
258 127 125 392 35 376 133 337 6 156 74 434 56 186 466 309 16 167 454 73 
220 292 168 246 116 67 37 358 364 472 460 368 409 81 127 242 210 443 297 471 
149 308 288 497 450 434 235 144 260 116 30 333 203 56 141 276 313 133 240 134 
104 439 287 325 429 425 144 118 68 428 202 15 111 428 276 1 27 385 448 271 
302 412 469 126 302 447 304 112 233 330 306 357 233 388 412 130 59 362 305 442 
382 497 354 458 230 128 9 126 435 166 353 466 89 201 209 301 37 157 193 270 
469 52 348 347 107 340 499 292 216 318 358 334 122 349 398 475 150 85 448 64 

336 76 381 467 111 233 235 244 206 453 113 5 169 289 430 436 218 153 427 256 
143 280 98 376 262 404 396 454 125 100 91 429 60 305 376 81 35 207 31 75 
462 140 422 431 49 189 448 466 385 209 330 64 364 365 17 167 323 135 239 114 
222 287 265 306 21 331 10 251 456 3 369 102 166 373 165 246 499 126 408 321 
460 4 306 321 82 129 385 151 290 447 5 205 85 381 285 426 73 335 260 136 
337 137 253 199 482 91 121 238 341 424 156 116 260 389 123 496 242 282 157 261 
32 470 65 228 397 458 27 57 400 492 423 312 259 2 365 291 165 203 425 491 
342 308 161 146 107 299 143 298 259 379 118 228 171 442 115 345 116 32 83 188 
375 496 93 411 420 413 49 207 83 183 368 466 390 123 489 127 241 206 301 421 
481 370 369 463 490 189 410 208 376 425 374 290 214 369 59 115 378 158 110 331 
183 189 475 386 100 342 245 12 174 176 309 490 239 117 107 2 321 275 494 474 
217 203 105 116 122 424 291 95 366 388 359 257 371 198 177 283 422 143 193 459 
171 220 206 431 5 497 491 79 329 205 131 94 56 428 406 281 125 140 432 25 
333 255 161 42 358 304 465 47 407 54 282 414 414 264 215 493 268 391 451 307 
31 274 488 352 272 153 153 236 335 391 304 62 297 178 245 477 335 1 126 271 
317 440 142 361 18 204 22 322 78 67 86 35 145 66 21 113 310 208 112 404 
75 6 14 386 68 268 280 402 435 56 57 341 215 456 89 20 127 495 297 197 
302 142 387 284 258 135 78 45 260 175 410 166 151 87 229 400 221 494 32 490 
253 435 6 232 161 455 386 201 316 386 357 199 191 407 166 40 209 219 248 466 
39 301 499 178 271 135 232 341 385 241 384 480 154 426 194 28 414 362 320 370 

411 270 122 472 380 228 412 61 161 177 470 49 416 493 73 467 108 430 450 205 
147 262 246 112 316 28 167 154 172 391 41 477 396 132 392 458 429 45 473 368 
403 298 66 478 214 212 77 22 81 228 416 32 400 321 153 335 203 78 262 204 
62 458 453 226 263 301 242 72 348 343 219 371 35 349 48 291 95 261 123 97 
267 477 257 391 197 308 393 447 201 63 480 258 1 277 40 322 453 234 405 219 
289 366 26 42 187 215 373 169 456 154 482 441 345 36 61 408 189 192 342 127 
496 171 328 86 389 361 1 137 351 496 185 102 127 317 263 138 82 13 476 404 
173 51 394 387 144 242 273 31 250 359 489 461 233 494 36 404 367 126 288 405 
244 59 448 112 92 498 141 7 417 107 69 440 283 251 209 361 162 90 313 480 
372 85 266 116 258 483 422 428 347 460 144 327 457 217 423 287 127 349 166 23 
152 223 443 75 198 327 448 11 303 40 129 329 152 176 289 10 127 329 3 303 
429 215 479 274 288 141 210 222 60 75 304 88 230 156 365 341 414 386 179 464 
231 199 432 40 47 141 213 392 23 265 286 16 341 488 235 431 145 149 184 107 
135 251 76 29 1 203 52 371 302 335 181 358 100 233 435 390 391 69 166 291 
459 471 166 23 144 211 206 66 441 326 348 160 394 393 1 270 161 497 422 418 
359 491 430 112 128 371 52 59 434 177 440 287 60 11 15 293 265 386 483 376 
282 235 8 452 143 401 171 346 235 207 363 481 163 93 356 235 96 464 456 50 
439 23 355 130 11 247 481 73 365 303 491 173 219 361 229 9 49 71 104 212 
211 136 416 246 382 334 360 335 237 141 340 201 343 376 184 450 134 1 158 190 
123 367 129 181 452 50 129 127 214 3 419 78 295 451 323 57 229 456 332 118 

264 454 69 488 212 89 177 215 371 440 358 423 67 203 423 412 310 395 21 243 
170 141 69 384 337 62 161 244 74 417 242 327 237 339 31 284 289 452 486 347 
471 266 345 345 454 499 191 62 163 164 462 301 165 444 273 155 439 392 162 227 
333 213 149 53 333 189 410 213 271 32 150 135 154 233 341 282 113 434 111 482 
315 460 234 412 412 50 92 112 85 160 24 467 76 100 367 341 139 157 220 245 
143 89 122 271 378 152 190 301 266 16 129 411 186 113 424 241 41 398 164 252 
300 432 457 300 23 102 113 260 320 70 276 265 168 491 201 482 102 319 403 230 
386 82 227 288 62 405 95 351 269 154 396 61 324 465 132 152 75 204 90 23 
115 265 139 134 499 399 226 14 222 316 314 224 211 307 488 4 100 25 314 83 
73 86 61 283 175 118 21 158 193 282 68 170 485 282 180 361 470 176 366 434 
173 113 211 295 176 387 431 131 33 210 390 458 247 401 88 86 345 297 491 238 
2 335 447 34 144 305 225 121 153 393 259 279 26 137 195 182 127 328 426 165 
412 411 228 487 207 72 429 64 352 95 212 426 64 449 211 140 160 217 224 339 
457 191 453 144 416 406 453 437 110 446 184 457 153 486 156 128 72 20 470 144 
270 118 22 375 118 344 357 454 405 388 295 89 216 148 229 464 49 237 396 309 
389 237 314 112 391 84 498 314 294 213 361 100 102 493 228 254 428 267 172 236 
435 185 96 22 64 86 120 8 151 441 16 273 151 197 136 279 168 296 375 191 
355 230 51 367 476 170 342 334 249 450 307 214 400 209 291 35 318 21 499 171 
229 207 290 121 481 176 115 153 418 19 27 355 420 106 484 12 229 348 470 412 
20 285 333 441 50 321 424 242 365 219 128 146 222 350 445 259 211 454 34 170 

332 99 427 213 100 376 338 100 239 122 83 335 226 45 465 326 411 297 472 151 
374 383 483 60 309 323 144 58 287 412 19 66 352 428 31 426 95 99 274 266 
289 8 137 477 427 276 448 31 372 199 86 205 223 77 359 209 186 468 446 24 
132 483 270 173 340 341 174 420 386 19 339 19 263 257 470 190 269 338 11 404 
303 429 292 20 428 403 423 320 53 435 489 279 416 66 251 414 50 367 131 484 
77 36 148 107 332 156 442 274 29 290 494 382 439 448 30 182 16 275 377 393 
386 259 355 269 95 348 381 349 16 238 279 470 158 113 160 272 334 148 27 393 
469 476 70 256 255 285 254 91 68 9 143 439 440 311 188 366 146 1 82 139 
477 464 216 91 153 300 61 21 224 108 60 321 13 309 306 277 410 91 247 93 
261 461 322 332 387 189 217 119 368 485 308 375 365 107 191 403 119 383 244 116 
375 63 478 301 158 73 18 350 219 186 317 40 487 50 278 267 153 395 138 350 
427 215 441 30 345 102 4 108 271 180 410 291 460 30 251 357 133 424 394 271 
439 467 81 163 435 269 219 76 432 279 151 292 333 104 114 225 29 271 416 89 
285 126 82 64 364 305 42 327 421 187 368 222 33 321 397 418 362 344 72 46 
45 50 1 346 150 282 447 494 358 59 11 139 25 433 105 378 227 72 84 308 
328 104 476 139 368 456 273 56 265 408 379 222 295 366 446 166 265 164 108 296 
291 122 486 78 290 269 219 44 390 357 460 227 118 132 317 327 60 84 174 264 
245 169 60 351 90 94 143 382 398 328 15 424 260 383 460 179 42 267 27 306 
86 161 393 26 198 421 345 168 148 271 216 452 457 159 95 91 384 77 175 161 
358 60 245 9 187 62 203 224 210 174 451 193 289 295 344 403 353 32 408 213 

315 373 367 443 373 239 268 214 178 157 84 251 332 211 137 442 336 359 42 472 
237 343 95 76 143 478 436 168 300 388 289 40 453 240 37 479 317 385 105 426 
17 29 386 262 299 103 79 206 473 100 95 268 463 402 147 156 146 413 332 135 
240 240 245 118 100 104 429 251 206 227 156 99 220 343 101 84 377 8 291 132 
431 481 457 447 458 343 149 446 319 212 35 486 302 331 99 446 322 123 27 432 
24 349 152 431 298 255 442 453 66 414 412 145 50 400 180 87 204 56 172 481 
309 200 28 69 398 173 234 78 308 110 334 444 403 342 138 336 327 252 274 474 
111 58 219 143 61 20 490 284 405 265 202 174 48 308 440 78 373 3 76 484 
32 100 469 313 15 84 490 23 217 79 416 77 360 274 252 100 107 51 234 2 
339 240 282 344 131 399 119 314 199 7 392 18 152 40 96 297 420 178 456 61 
322 475 108 285 243 37 392 157 395 170 138 469 49 191 377 243 386 393 343 323 
385 55 6 341 125 497 277 196 70 142 186 380 478 30 37 60 127 35 12 61 
111 30 324 100 136 190 389 318 16 455 175 139 403 385 15 282 316 106 429 66 
3 319 256 288 119 237 177 208 312 385 94 259 354 380 390 137 286 41 490 303 
187 343 331 495 171 215 318 211 21 281 291 49 327 15 102 37 77 52 327 273 
31 491 442 6 17 63 394 495 451 307 35 354 185 285 369 326 160 48 94 170 
265 269 416 236 336 87 208 295 226 135 346 186 79 168 262 147 247 81 420 491 
272 495 381 255 414 141 33 182 108 83 176 283 15 188 35 129 379 478 163 452 
226 103 334 346 435 299 386 227 86 61 432 354 224 479 393 233 58 196 388 272 
387 60 78 154 219 89 258 321 445 34 7 125 429 67 63 188 254 94 142 314 

63 456 408 169 157 264 195 205 175 202 258 222 246 107 197 28 135 235 25 157 
242 128 106 62 490 491 229 122 122 327 209 204 142 322 93 365 51 338 329 87 
261 413 467 411 280 311 237 212 329 263 294 14 209 61 403 248 45 493 15 270 
280 145 161 399 465 442 211 145 146 194 244 337 222 469 287 178 320 86 232 213 
129 128 311 391 390 257 358 185 99 449 134 135 448 196 190 207 4 369 319 104 
146 231 340 32 449 397 483 497 324 262 120 85 219 492 115 364 264 470 208 87 
488 334 45 40 470 480 290 409 342 54 126 226 101 282 399 348 279 462 313 12 
42 486 394 107 183 388 454 88 86 498 144 161 54 400 216 268 75 115 389 87 
273 152 253 393 72 203 411 321 95 48 182 174 241 25 405 219 253 69 197 101 
169 358 403 329 306 223 457 69 389 327 180 304 418 336 54 130 263 242 14 407 
471 357 386 160 451 109 71 469 253 245 312 334 268 319 496 117 13 321 498 385 
8 52 164 343 224 421 320 145 174 338 214 28 202 267 468 128 85 336 278 114 
320 353 15 483 439 136 449 63 250 293 235 287 326 76 447 343 297 218 494 47 
308 149 480 61 297 151 135 28 142 97 360 27 469 141 222 233 80 418 429 406 
29 395 276 290 189 390 434 3 201 226 37 201 264 441 298 364 432 160 270 57 
447 357 79 282 474 145 292 21 381 389 484 431 12 90 448 478 15 411 477 393 
300 156 324 178 413 461 447 20 473 446 17 280 39 437 139 362 294 201 231 193 
75 468 218 84 194 129 371 207 468 235 147 493 268 186 204 296 444 440 391 419 
486 480 441 41 57 474 452 59 185 18 497 141 466 60 239 282 351 300 337 147 
17 9 223 77 231 87 60 262 188 303 206 218 428 84 346 327 179 311 157 400 

188 7 337 469 303 130 141 95 268 176 223 419 404 278 23 498 313 347 204 75 
474 175 141 57 322 397 115 488 402 424 461 371 166 430 72 383 102 426 96 105 
78 103 185 161 342 493 30 271 464 242 357 129 331 407 76 433 465 365 140 175 
148 445 412 83 300 310 143 270 174 63 429 308 69 29 326 10 203 36 149 237 
47 3 62 257 68 282 462 286 451 350 379 348 180 420 116 396 468 419 240 414 
434 110 328 429 305 404 218 129 293 99 396 281 494 214 157 155 231 237 272 479 
453 46 408 385 453 451 118 153 7 99 433 7 104 185 399 216 56 407 105 436 
368 81 433 388 269 171 54 402 308 6 109 292 237 61 331 112 245 62 111 27 
97 59 276 447 250 223 141 498 65 345 359 168 371 97 70 464 459 62 284 36 
283 303 379 107 498 266 205 295 491 96 133 325 495 335 193 410 115 241 319 38 
198 95 348 461 95 344 154 492 67 380 313 412 258 430 451 154 36 418 197 329 
396 338 345 263 37 50 148 469 432 430 48 157 416 449 368 121 237 196 192 256 
454 410 280 295 155 401 96 347 396 180 84 332 247 337 375 174 491 232 213 122 
480 443 361 330 297 377 491 130 60 161 335 425 317 215 144 34 217 257 85 336 
416 250 42 414 351 45 297 134 480 86 298 445 70 131 87 436 397 123 143 382 
421 164 315 177 6 196 42 265 14 427 259 223 123 33 289 284 216 310 184 323 
135 238 495 269 364 355 360 116 158 167 445 50 103 457 168 163 46 11 310 331 
187 335 5 354 32 463 196 455 446 304 456 251 238 195 299 258 291 192 415 325 
63 231 357 48 469 178 88 255 337 163 133 280 146 325 398 186 388 258 299 249 
313 101 434 435 71 224 187 496 369 155 375 141 17 327 456 409 380 183 487 426 