15 15
28 98 10 53 16 21 16 47 78 19 85 8 22 46 78
6 80 83 73 25 77 72 23 40 18 57 51 36 23 71
16 47 81 68 85 32 85 86 9 58 78 65 56 38 81
29 65 58 70 72 39 42 22 99 82 54 70 47 78 97
93 24 78 5 43 43 27 35 33 58 60 38 88 79 70
19 36 48 82 11 48 16 63 42 75 55 42 72 15 67
40 61 56 62 56 94 6 3 72 29 10 40 51 43 33
10 18 34 90 65 60 39 86 74 80 22 1 4 82 23
41 18 76 19 2 27 33 55 60 51 56 82 25 80 47
55 33 6 82 24 59 69 44 66 36 82 53 96 44 25
73 55 36 8 78 8 50 82 9 84 35 60 98 35 59
44 66 77 51 59 28 48 17 44 86 26 38 23 20 39
65 70 7 75 63 58 67 3 68 84 64 80 23 89 98
5 58 14 84 20 16 40 78 51 86 79 5 32 57 83
21 94 41 79 65 88 40 13 72 91 4 26 23 86 17

97 228 157 333 330 348 14 387 488 489 88 106 268 310 487 
335 215 292 451 273 403 352 457 338 49 416 253 148 451 394 
58 331 62 86 68 262 352 35 432 268 56 161 333 237 216 
135 241 36 492 253 484 488 419 340 185 92 25 7 296 207 
89 359 246 55 180 84 435 306 303 281 181 48 277 50 429 
491 375 269 26 137 406 364 98 102 391 404 458 342 280 357 
468 34 324 269 380 348 33 302 35 43 299 67 290 353 226 
299 232 354 448 191 87 143 28 246 425 365 189 245 427 274 
404 175 48 301 257 254 303 74 457 187 473 108 298 27 440 
159 235 15 250 30 105 69 230 311 212 480 451 75 254 131 
141 426 21 333 186 18 265 182 211 203 395 464 423 423 258 
282 134 328 81 313 221 329 320 248 376 235 435 321 130 375 
185 325 423 185 55 463 62 214 363 462 476 451 482 401 109 
274 213 204 338 215 357 485 200 486 235 18 85 186 13 155 
159 418 34 472 222 457 324 66 267 55 459 396 131 26 177 

446 239 334 406 35 311 455 445 389 91 236 98 221 341 394 
160 223 480 145 309 370 18 316 493 367 490 275 284 129 232 
327 425 230 83 134 404 361 330 273 85 350 455 393 173 350 
281 410 288 220 226 484 136 394 205 123 353 197 341 91 381 
390 171 242 32 217 124 332 157 162 89 137 353 426 315 437 
345 407 200 234 318 314 69 129 48 412 77 45 118 403 37 
147 142 124 273 57 414 109 269 48 25 44 221 493 455 117 
154 207 386 171 315 348 444 113 130 305 86 375 286 294 38 
174 278 131 55 200 276 92 285 52 78 206 49 200 320 175 
201 121 321 280 19 328 244 415 328 69 267 402 466 346 415 
257 96 164 336 322 303 364 200 379 262 284 367 8 292 338 
465 274 460 398 305 261 146 32 31 428 470 193 11 147 415 
472 132 128 483 386 39 26 92 99 79 170 397 13 441 323 
330 17 44 311 350 187 305 170 55 215 89 451 203 464 108 
342 282 104 272 14 187 431 172 124 64 119 173 173 17 83 

261 464 190 198 287 301 55 156 25 494 293 499 45 214 269 
438 322 133 172 162 57 240 232 399 156 341 410 288 466 386 
173 278 276 334 134 196 137 109 463 107 162 425 327 110 100 
350 156 496 219 122 58 91 373 166 240 1 289 244 66 158 
279 425 373 254 418 188 469 256 140 81 296 357 33 248 238 
122 109 363 398 130 460 403 177 77 449 1 252 184 489 68 
43 106 7 401 283 326 376 168 132 406 5 241 52 446 65 
412 156 264 209 136 498 404 366 362 2 29 424 260 3 126 
65 394 207 316 118 185 307 351 475 122 95 95 315 418 462 
271 144 465 417 93 398 102 214 158 324 100 198 211 209 445 
285 116 94 57 422 217 434 205 285 59 470 314 351 44 18 
164 437 205 68 474 252 415 454 384 412 30 449 398 336 350 
455 166 229 114 289 39 369 303 184 438 321 415 361 107 331 
410 335 31 261 113 51 215 435 195 45 157 183 239 5 104 
478 338 211 33 419 203 337 489 263 390 221 179 181 143 141 

76 425 195 225 362 314 26 24 467 213 59 376 421 331 119 
138 303 231 238 6 311 458 341 306 464 102 460 199 24 457 
145 194 170 367 295 472 206 68 70 400 471 48 238 465 294 
318 221 365 39 55 300 497 10 246 194 154 49 466 242 220 
459 396 345 157 381 79 37 386 458 49 192 466 227 29 420 
227 197 239 441 412 28 323 338 34 227 409 430 201 379 499 
139 72 94 230 276 152 390 278 123 334 365 96 99 167 2 
13 220 271 277 77 335 74 100 123 272 264 307 303 471 81 
447 332 121 239 6 307 24 78 36 165 272 462 164 127 108 
191 429 235 425 490 30 329 60 134 171 1 320 168 128 345 
76 214 218 176 478 125 453 444 326 333 361 219 159 438 344 
343 251 478 122 325 495 368 20 115 40 54 278 16 420 28 
393 243 83 447 34 289 451 217 124 306 109 327 277 298 179 
62 15 464 392 127 22 139 267 319 308 495 367 59 94 143 
474 78 410 210 201 101 43 273 497 359 437 286 440 67 263 

173 259 92 14 264 77 117 492 198 313 406 351 270 345 255 
466 29 16 118 429 476 332 328 491 258 365 456 50 173 8 
192 64 268 499 246 38 380 425 337 65 490 308 230 386 300 
379 281 127 70 6 338 39 384 301 101 447 359 63 31 432 
387 169 249 429 336 340 445 54 439 407 120 312 300 95 362 
285 289 241 470 240 383 351 453 394 298 68 459 168 16 417 
231 313 418 341 286 106 82 95 102 18 324 166 278 218 300 
143 337 23 9 398 193 302 280 197 253 145 462 9 355 341 
28 225 332 59 340 329 86 415 10 59 442 286 86 37 47 
128 305 269 153 309 486 70 473 367 411 179 99 186 344 100 
186 378 259 122 3 405 79 444 131 249 256 322 437 82 299 
355 115 1 148 187 216 223 172 393 295 260 9 471 93 399 
126 12 456 299 102 74 64 145 15 271 324 256 368 395 206 
123 84 174 418 159 266 354 441 474 305 499 381 379 269 142 
94 344 461 147 354 226 393 276 38 143 245 215 179 155 486 

215 329 281 471 303 476 65 332 55 50 329 338 211 95 192 
176 445 201 75 321 195 77 416 68 88 328 471 411 183 313 
151 446 30 251 246 448 437 416 200 329 111 252 95 404 381 
162 57 103 317 53 243 264 97 74 118 387 154 17 83 381 
22 24 344 357 167 249 378 260 33 422 160 442 393 260 44 
247 36 267 123 59 180 340 77 152 223 460 482 329 375 6 
174 286 474 450 463 439 66 13 42 245 242 77 58 91 188 
79 179 408 357 358 366 417 436 456 127 94 469 161 247 306 
288 379 55 123 414 112 226 5 68 337 432 218 258 175 177 
40 17 372 235 387 279 465 12 445 344 476 221 167 431 147 
248 386 300 305 14 98 338 103 162 136 35 194 297 247 226 
455 268 311 466 209 129 478 109 362 497 430 257 176 390 144 
349 391 58 228 324 183 354 329 201 470 191 409 409 291 463 
345 70 20 254 294 1 113 35 144 77 254 132 307 367 99 
182 44 282 286 287 287 58 322 415 158 244 162 309 161 480 

340 218 300 77 319 73 306 430 401 385 176 22 372 266 157 
435 47 156 29 238 163 155 481 103 359 416 49 272 119 351 
396 21 315 454 419 71 180 29 102 150 99 296 478 20 330 
470 111 110 99 124 76 36 198 48 29 282 28 366 125 89 
18 283 24 446 116 29 454 220 166 265 110 274 390 205 83 
86 494 349 321 388 62 443 267 409 372 274 465 64 30 368 
233 145 367 277 350 99 361 371 412 56 235 439 485 135 23 
173 113 39 486 208 49 431 11 153 296 200 398 345 259 445 
391 3 50 239 40 478 163 322 358 398 258 24 182 363 257 
127 494 120 162 488 84 483 384 107 24 436 36 334 252 306 
391 292 74 415 195 198 391 429 187 301 147 77 212 68 277 
221 359 298 44 9 258 163 321 221 451 260 417 260 450 47 
273 425 388 294 487 345 461 79 385 211 494 179 280 429 238 
62 160 345 351 28 276 339 70 459 192 295 495 103 138 432 
401 399 69 431 439 13 479 441 104 98 345 59 143 390 366 

412 18 333 188 54 401 383 80 59 342 2 282 56 422 418 
204 53 431 296 412 433 1 390 63 237 307 496 250 330 236 
82 37 80 432 174 266 315 138 172 323 4 418 248 215 274 
38 72 206 217 169 312 195 37 61 76 478 204 109 275 307 
4 388 112 105 220 444 398 102 12 213 82 10 147 135 388 
279 306 344 231 318 202 79 350 117 454 427 10 155 339 422 
190 393 304 138 444 355 387 389 269 366 177 35 78 454 254 
407 394 342 473 93 345 134 428 388 241 69 263 374 42 109 
117 369 300 50 252 231 60 289 222 415 54 384 107 434 57 
355 59 80 460 377 287 105 359 33 393 46 381 444 471 398 
153 265 340 494 105 340 1 343 383 188 220 467 255 275 187 
425 62 310 339 133 417 36 25 413 285 44 366 258 203 364 
254 324 242 129 452 67 161 346 357 352 411 173 239 42 87 
188 16 58 20 119 462 226 68 298 450 236 72 416 171 26 
489 284 210 381 405 410 409 399 70 73 171 408 98 369 429 

454 292 55 479 217 491 449 484 134 265 437 352 463 453 351 
463 143 227 427 347 66 488 159 125 181 384 360 461 169 35 
41 476 244 68 443 369 458 324 232 377 114 266 409 296 67 
204 401 408 67 477 147 153 282 280 134 318 368 457 211 483 
127 201 339 116 134 48 135 159 138 120 77 198 413 56 411 
433 96 227 68 113 430 136 286 351 115 327 154 395 128 443 
252 188 112 375 310 387 376 26 454 331 222 231 381 327 277 
320 461 197 385 247 447 112 359 432 187 447 88 129 151 68 
271 246 81 330 418 222 356 32 108 11 294 225 376 29 462 
251 197 456 465 286 234 215 160 300 305 311 215 174 264 336 
25 434 117 488 196 8 146 349 486 311 336 232 75 92 458 
469 49 338 12 115 255 425 183 334 222 60 143 119 100 178 
333 298 198 66 141 346 114 236 423 499 72 449 325 63 336 
457 479 339 195 34 133 229 372 146 397 236 324 445 384 422 
281 232 16 354 111 298 20 399 191 361 470 399 127 44 66 

81 458 32 403 91 118 209 278 245 65 29 183 464 311 40 
82 376 128 292 366 223 482 355 142 57 7 235 212 139 420 
117 229 446 347 14 270 88 276 258 170 112 462 447 491 180 
74 355 295 486 4 135 189 136 102 353 374 494 382 27 70 
464 392 87 217 216 274 463 157 2 384 310 420 114 279 394 
278 48 451 323 220 491 434 330 267 98 130 180 231 404 329 
56 113 281 76 291 100 418 443 228 486 84 336 251 421 391 
317 322 42 460 39 493 484 38 32 86 55 444 306 271 62 
265 286 332 102 261 136 433 60 255 234 241 108 127 478 56 
50 337 275 147 57 140 138 165 58 387 307 289 430 7 469 
357 467 447 231 337 313 218 362 235 426 53 283 36 82 253 
28 2 269 393 305 231 313 470 235 436 389 325 90 302 27 
157 424 279 295 350 185 126 59 209 488 46 166 59 60 59 
15 492 91 317 385 98 339 48 245 178 271 322 56 176 305 
388 221 432 454 38 198 194 158 447 396 44 337 99 210 95 

209 294 101 341 77 343 482 316 76 427 225 293 310 272 355 
273 283 37 252 59 270 87 190 411 416 274 194 180 461 470 
490 381 239 370 392 257 125 274 145 109 326 494 478 273 244 
330 349 450 91 310 487 292 488 364 2 464 162 179 347 65 
95 481 367 496 457 251 449 267 162 216 144 401 329 33 464 
271 74 364 347 282 268 42 79 106 135 140 321 122 176 153 
490 346 346 123 331 212 231 36 493 44 83 474 357 331 486 
180 325 22 480 268 115 52 484 38 153 81 359 252 16 372 
291 213 111 34 375 285 245 499 464 438 175 372 158 58 84 
344 19 101 70 332 140 241 174 392 325 349 25 132 191 148 
316 56 202 186 495 325 151 294 472 356 294 2 281 389 78 
33 154 384 226 264 364 120 322 63 50 409 153 177 26 435 
222 219 8 411 267 462 312 303 90 227 204 57 272 471 234 
150 349 134 74 246 239 374 289 36 320 136 110 238 295 340 
212 318 3 337 108 261 405 59 31 128 370 341 254 434 103 

146 329 478 111 395 391 180 63 280 176 266 42 179 82 361 
147 158 9 192 61 366 80 67 395 326 119 78 365 93 215 
111 184 383 80 404 446 108 173 197 449 476 256 313 1 493 
351 173 372 10 126 342 285 292 198 5 341 337 59 470 116 
337 409 264 394 298 141 266 216 198 42 46 212 165 298 65 
497 233 137 418 92 404 335 392 209 162 41 205 271 111 179 
30 205 204 90 426 9 217 182 10 280 164 374 497 269 269 
267 169 119 59 341 179 166 184 41 160 413 332 151 324 231 
460 146 230 109 264 6 446 86 319 476 491 317 168 205 443 
344 477 395 395 104 335 344 398 450 153 254 121 307 427 244 
107 1 178 87 233 197 32 474 410 232 481 441 151 40 429 
44 60 148 190 236 374 74 405 121 76 487 105 226 420 254 
366 5 351 264 189 198 361 112 58 32 264 214 91 38 406 
155 497 25 307 454 276 17 71 357 229 198 223 275 127 315 
14 374 59 383 218 72 293 68 27 331 177 172 370 136 334 

36 297 441 447 396 109 339 90 336 50 7 90 177 335 124 
207 271 407 308 315 7 213 483 488 5 388 59 139 355 221 
30 246 236 4 399 122 324 288 206 163 288 39 360 147 6 
113 245 45 62 361 59 223 60 350 343 201 110 469 128 223 
139 103 15 44 24 440 309 342 164 477 246 137 11 491 88 
224 51 89 320 186 174 112 80 78 354 388 146 73 71 303 
136 231 319 100 317 446 296 315 223 247 421 68 211 384 247 
16 370 394 41 192 317 154 222 179 398 428 59 351 278 292 
395 235 390 101 412 190 298 158 264 350 88 414 214 140 124 
321 202 417 75 139 411 144 440 474 392 390 126 90 319 304 
410 149 135 241 145 360 422 7 93 140 482 140 6 175 121 
287 180 243 467 493 31 470 326 409 449 278 52 284 147 354 
131 264 247 148 174 220 219 1 492 161 470 284 407 152 228 
193 196 177 494 328 460 273 34 452 321 75 250 307 254 367 
307 353 234 273 26 113 127 165 47 438 470 156 241 473 355 

149 426 310 459 302 68 150 91 128 460 110 320 361 456 481 
150 419 321 103 58 311 338 427 416 90 42 480 271 190 479 
451 148 335 347 156 172 81 405 209 277 362 84 480 386 107 
202 299 15 234 460 294 133 64 211 209 402 404 328 242 473 
243 297 91 209 407 242 115 150 244 459 471 73 17 487 340 
433 144 383 200 383 305 268 20 458 276 131 491 361 10 238 
209 206 278 46 341 265 84 24 202 65 368 235 5 347 132 
439 152 418 22 315 321 19 318 409 181 252 387 413 13 3 
377 30 426 261 454 459 464 36 271 428 201 159 374 57 460 
261 164 303 1 387 343 68 3 442 28 468 32 440 24 374 
493 344 421 128 280 197 376 293 242 410 272 77 288 477 246 
22 11 469 48 68 30 155 101 42 462 486 348 349 189 147 
406 322 94 5 253 377 224 435 15 1 484 275 87 467 381 
208 499 136 441 461 368 442 44 360 89 87 290 203 28 168 
455 473 341 248 485 45 186 496 478 111 378 476 463 242 332 

129 221 132 325 323 41 301 70 147 375 179 73 293 199 130 
25 354 64 477 44 307 161 107 372 230 222 153 53 311 401 
398 401 459 83 202 241 293 427 421 394 486 295 185 282 140 
40 274 7 53 480 178 330 496 145 473 402 312 450 203 297 
118 378 168 393 356 19 317 483 306 349 310 319 410 210 118 
288 435 116 448 322 221 393 174 436 158 457 129 48 185 485 
70 163 403 131 404 413 283 12 371 223 142 443 292 235 475 
419 120 43 28 293 127 422 16 12 155 211 327 281 400 202 
299 141 285 380 419 137 207 480 433 115 375 401 220 194 442 
370 374 46 254 171 333 370 337 40 214 25 228 484 344 194 
192 467 279 222 389 29 447 195 209 244 109 319 27 472 316 
141 243 260 331 430 476 201 341 250 155 97 162 358 281 436 
215 251 68 174 448 430 373 355 359 156 484 481 191 308 79 
35 288 128 146 432 466 414 122 82 120 218 341 385 381 41 
455 397 20 480 432 292 152 139 467 94 117 139 259 306 389 