20 20
64 66 30 87 4 80 33 22 74 63 51 52 82 70 53 23 4 80 54 37
64 95 16 9 15 26 68 89 1 52 16 61 8 94 69 87 86 78 47 96
21 6 66 95 80 20 60 45 8 67 88 72 96 3 68 21 59 85 43 83
20 68 13 75 90 91 66 88 60 61 98 41 77 9 99 13 4 56 2 43
24 3 96 76 72 76 26 80 11 68 66 83 15 50 90 12 68 5 18 71
57 94 3 22 77 24 60 77 40 63 63 96 39 8 32 93 16 74 14 70
48 16 41 98 9 70 92 26 67 12 15 38 4 95 60 11 94 91 23 73
2 88 7 83 13 94 45 47 70 98 39 65 43 5 64 65 93 69 50 38
10 55 91 79 45 35 15 57 2 54 97 33 94 80 10 68 15 36 62 63
32 78 88 90 64 56 18 38 66 58 91 19 6 84 76 71 41 27 33 93
62 26 34 27 35 11 99 38 40 37 41 41 64 21 67 46 23 96 84 87
20 59 10 15 86 82 52 62 71 73 2 97 42 15 31 81 3 62 51 24
38 10 73 60 5 37 59 61 46 67 50 12 21 64 53 23 98 8 73 80
87 48 96 3 49 63 16 50 66 17 11 45 96 91 98 75 38 69 45 86
95 7 24 69 19 63 11 78 72 36 28 85 14 83 74 26 40 41 12 82
60 49 12 77 34 94 84 60 56 48 50 71 38 79 57 20 81 53 80 37
4 87 5 65 8 34 2 23 38 61 85 53 96 46 77 29 73 91 88 35
74 38 24 55 83 68 40 90 51 9 2 79 3 41 79 84 45 6 38 63
54 3 14 35 89 60 26 48 51 75 74 96 81 34 25 41 94 87 30 11
68 68 98 76 30 54 23 47 2 31 78 46 12 66 66 83 61 61 5 37

472 139 44 407 45 396 238 325 178 307 484 428 211 170 397 66 59 435 392 80 
303 35 39 490 188 66 55 401 334 321 37 119 397 211 494 211 372 144 374 82 
243 213 471 71 217 313 371 40 257 98 56 171 243 187 432 312 95 80 48 401 
149 317 338 12 301 375 285 30 494 427 359 17 387 73 290 367 131 319 244 135 
255 161 228 299 294 306 21 143 164 325 282 403 332 302 479 309 235 372 124 217 
418 199 202 277 95 124 66 354 309 366 419 281 278 362 15 397 243 283 64 191 
448 90 161 124 222 146 97 36 226 293 436 210 138 333 380 96 113 429 98 285 
263 385 147 174 77 333 255 164 474 480 180 135 365 386 394 366 206 322 35 213 
418 81 224 233 428 44 351 54 466 26 295 148 272 257 459 48 41 150 456 110 
274 376 196 125 190 312 176 420 19 64 362 435 465 405 113 407 282 228 411 54 
201 327 351 22 467 312 32 321 49 203 161 27 497 106 151 300 462 303 245 162 
396 4 43 95 274 255 71 417 104 183 338 19 246 344 89 414 138 55 189 62 
23 265 332 135 485 67 200 138 455 249 457 451 15 223 141 269 232 258 75 467 
118 196 299 349 25 103 245 483 300 304 42 104 493 460 292 433 139 487 337 32 
33 60 24 137 184 325 479 154 431 70 214 338 147 199 97 92 167 116 104 305 
240 79 435 418 301 78 472 304 50 317 490 294 449 3 234 424 444 272 406 108 
129 60 132 263 431 466 323 157 398 246 115 113 426 246 172 325 94 367 363 217 
256 291 440 39 387 56 339 186 151 209 444 209 325 257 463 179 283 115 454 420 
215 444 409 252 457 472 251 25 430 57 206 126 243 223 471 229 481 427 293 158 
62 322 423 432 232 221 88 333 29 316 215 334 341 232 291 162 480 426 406 297 

56 111 245 465 419 443 166 80 313 112 216 267 305 377 355 418 231 480 72 179 
135 445 406 421 72 387 284 267 440 374 75 106 249 423 241 395 22 16 50 104 
333 290 94 168 433 356 187 23 159 224 354 31 497 123 294 190 34 380 198 265 
204 73 85 265 318 483 495 319 43 282 332 249 35 137 272 162 111 421 387 417 
50 172 434 271 188 417 416 265 489 189 125 138 218 170 442 204 165 62 368 104 
58 87 249 371 67 177 335 22 29 305 287 12 329 481 144 191 75 267 289 496 
163 476 315 57 483 48 254 212 335 497 372 242 370 16 329 469 317 372 424 286 
52 345 201 71 395 107 109 245 450 321 164 235 71 224 315 239 342 84 34 372 
125 265 345 176 230 472 35 483 60 41 35 28 66 140 238 491 85 188 229 113 
497 387 46 188 103 329 445 191 249 498 230 128 336 202 149 294 235 74 356 226 
235 140 362 318 115 275 141 167 147 209 168 209 14 51 363 413 156 317 269 202 
225 371 81 382 94 145 294 403 36 337 270 227 294 429 205 361 381 125 499 129 
25 85 59 486 243 214 47 221 285 317 301 403 128 454 407 348 465 289 56 445 
139 267 215 290 352 140 466 137 172 182 135 182 18 372 155 44 220 19 203 160 
142 178 229 425 300 408 159 58 279 184 218 18 89 9 111 80 324 360 398 186 
474 386 317 184 499 191 228 237 189 318 231 261 119 129 341 357 470 18 360 71 
79 486 361 256 457 404 95 86 188 365 219 117 458 192 111 246 489 380 246 332 
158 251 75 354 191 219 383 242 272 434 54 40 202 408 447 364 45 435 226 411 
371 333 181 328 189 380 165 312 226 75 340 471 328 7 275 364 37 266 367 82 
255 28 478 1 384 236 197 285 470 302 322 159 452 379 169 494 388 202 333 103 

90 217 410 354 434 453 463 182 439 47 435 210 332 162 314 183 135 486 178 260 
240 216 283 335 129 433 74 216 480 87 254 483 336 393 359 255 490 144 443 69 
456 11 92 94 456 282 83 344 71 215 267 388 52 326 237 390 454 493 311 120 
6 351 161 71 490 375 51 496 92 204 414 466 197 7 400 219 215 225 436 183 
139 224 405 236 311 334 269 253 151 99 490 467 18 277 381 409 105 261 284 380 
76 20 265 217 119 478 375 156 367 142 240 217 214 414 381 497 102 497 397 90 
322 373 415 444 293 436 498 354 431 492 110 334 430 245 446 187 102 333 475 408 
425 200 267 275 336 264 446 299 390 262 462 441 439 228 314 275 3 107 472 172 
218 109 219 196 256 302 491 129 445 136 424 308 53 221 433 257 475 4 240 303 
205 352 53 233 231 383 339 166 349 478 17 90 461 477 64 234 431 320 482 7 
457 447 348 280 53 47 383 301 143 457 398 339 455 301 484 238 163 496 104 203 
330 391 199 149 55 417 271 481 469 144 105 443 347 139 391 154 51 153 346 175 
107 76 37 450 41 178 307 377 481 211 445 179 243 61 410 165 164 89 321 492 
332 483 315 123 390 140 209 185 156 453 358 206 266 490 145 69 115 419 422 413 
386 147 257 41 100 381 196 365 172 406 78 74 475 197 59 454 237 89 142 296 
498 490 382 321 60 208 299 491 245 357 159 240 405 234 438 37 144 356 182 159 
366 240 385 212 102 18 348 339 176 420 377 332 203 471 248 61 354 372 162 350 
67 361 78 146 276 380 156 497 444 15 194 56 15 303 111 131 8 295 112 280 
329 440 374 319 71 441 309 448 126 329 327 307 478 336 91 166 472 434 318 486 
371 121 202 458 17 271 347 251 44 9 133 382 380 268 16 394 48 405 94 476 

446 386 206 280 45 260 265 213 239 213 456 67 126 258 481 298 38 218 54 89 
488 286 241 377 131 296 102 165 252 66 165 217 246 115 68 435 322 2 306 336 
110 49 417 183 250 69 480 213 445 269 149 475 181 492 221 420 371 391 455 81 
54 134 230 413 149 318 99 31 210 113 261 424 284 295 260 93 377 366 25 156 
481 395 199 385 244 191 426 446 451 404 366 78 186 152 222 350 321 479 209 314 
457 172 77 426 231 87 465 77 32 53 428 450 244 135 490 411 112 390 277 233 
249 262 271 93 136 328 148 305 17 81 298 426 195 30 403 87 464 95 161 338 
379 407 430 298 428 172 484 417 459 416 49 411 490 382 65 403 419 195 94 81 
294 111 481 108 69 441 475 239 395 445 27 227 155 454 186 121 51 35 470 341 
164 116 62 264 136 391 90 306 195 282 376 115 471 87 300 24 212 392 146 183 
349 145 439 207 264 422 260 471 314 65 150 324 106 412 173 344 391 397 182 380 
131 62 419 410 445 2 138 269 39 110 106 379 274 458 37 41 461 218 307 49 
220 240 336 268 173 102 372 360 145 466 7 129 337 127 127 261 4 26 55 222 
487 336 490 46 423 325 138 28 412 293 468 202 243 405 224 296 43 345 209 46 
124 325 241 321 170 63 139 22 393 189 344 278 462 329 442 123 486 64 17 249 
165 358 53 436 434 277 23 384 143 426 477 147 105 245 222 80 188 213 274 79 
278 362 96 66 321 380 485 342 364 352 477 427 20 430 69 75 373 141 199 279 
302 225 146 72 319 223 181 166 385 487 491 290 369 446 446 490 111 416 95 199 
172 283 165 69 489 220 209 482 209 268 222 289 166 220 43 186 213 449 238 493 
443 443 472 58 38 418 464 54 55 126 362 299 441 272 7 301 496 81 421 466 

154 289 192 328 308 136 197 73 452 391 175 271 475 385 82 207 205 96 304 262 
487 273 416 471 140 462 383 275 496 22 341 72 265 250 322 343 391 86 32 93 
79 319 451 249 420 380 259 469 165 151 351 157 44 395 268 76 429 228 363 428 
130 462 313 208 229 129 406 408 49 399 143 175 465 120 404 19 402 180 325 341 
468 98 403 5 264 243 239 279 292 39 227 143 162 391 239 124 391 191 184 17 
302 282 38 283 160 254 209 203 384 355 333 422 274 383 426 374 62 268 218 250 
460 424 367 78 463 19 208 415 368 405 247 122 356 331 322 58 277 458 168 119 
427 306 33 298 283 324 231 140 53 397 405 346 432 343 191 311 403 264 129 269 
392 463 439 351 274 133 145 148 138 470 37 117 118 21 6 156 179 274 195 44 
200 428 361 192 99 70 301 62 3 479 403 88 188 116 63 199 310 445 434 235 
398 460 74 151 360 237 341 229 470 365 484 106 176 71 191 417 448 170 159 77 
195 134 442 152 219 170 308 14 129 441 488 354 388 170 207 83 21 247 224 44 
349 86 412 188 142 101 96 102 70 327 82 310 24 378 249 155 265 401 145 45 
312 286 413 133 327 256 498 139 423 342 7 317 174 423 163 483 29 473 382 59 
287 366 352 128 390 247 110 287 115 437 382 32 339 65 474 153 1 389 28 175 
448 487 14 238 44 319 192 37 30 346 455 269 196 411 93 261 154 398 467 356 
446 300 106 374 178 481 140 105 8 486 408 71 18 8 222 47 495 18 349 329 
258 289 291 189 197 27 336 223 5 180 179 112 290 112 127 358 481 116 156 388 
289 102 228 25 73 321 154 345 358 147 361 112 189 467 101 143 114 165 163 304 
9 195 26 248 204 441 201 481 387 40 373 232 37 357 471 376 125 72 347 39 

173 271 71 264 311 251 97 236 461 122 355 278 201 27 205 143 385 405 186 424 
274 145 364 220 219 350 273 270 165 218 364 333 192 145 385 427 268 490 300 253 
363 392 392 59 113 468 198 214 285 287 16 333 498 308 367 175 294 166 43 201 
282 75 417 474 295 74 270 377 385 412 454 370 394 87 335 440 406 384 431 233 
427 416 47 116 458 399 257 398 472 260 118 499 210 241 88 19 204 340 23 104 
274 182 213 258 226 192 310 393 193 373 174 235 165 465 437 318 247 188 435 478 
314 185 492 386 90 39 245 233 375 436 197 322 456 29 231 201 110 275 352 316 
359 203 168 230 311 53 367 296 380 220 269 59 128 224 292 354 168 353 347 175 
435 196 242 216 457 357 2 250 176 35 316 392 393 467 120 405 37 135 387 65 
78 490 284 283 125 24 490 81 398 300 369 19 181 198 101 396 484 363 443 25 
402 306 259 124 64 281 51 37 438 290 380 440 172 241 206 193 256 245 257 146 
430 166 166 135 186 102 358 1 363 113 379 109 485 23 155 84 30 395 115 180 
84 113 95 190 448 387 199 128 248 413 261 305 468 50 242 232 418 412 414 95 
132 289 131 259 373 370 57 134 348 110 66 265 195 227 126 23 356 202 459 490 
108 45 488 116 319 124 96 152 495 289 357 178 204 498 252 235 271 143 224 3 
422 156 276 480 45 179 437 10 228 436 350 71 89 100 330 137 95 263 187 236 
258 412 299 35 469 35 424 196 38 284 215 116 458 49 139 244 183 176 195 308 
114 8 319 118 465 348 482 420 184 411 325 459 66 150 32 455 253 488 181 386 
226 63 267 131 210 396 254 484 359 190 355 73 183 300 441 249 256 313 483 382 
94 82 161 161 54 277 133 433 242 249 379 169 93 229 55 314 72 37 148 171 

326 103 383 202 296 54 103 59 191 10 499 486 349 279 486 191 336 470 118 453 
219 247 68 215 238 124 170 289 285 193 395 61 178 424 330 256 224 210 436 462 
122 130 296 112 4 20 108 250 233 258 258 349 472 13 7 478 408 338 243 457 
155 15 379 14 416 203 72 378 242 359 181 116 299 179 43 377 346 30 295 199 
94 360 249 183 197 416 201 386 275 249 242 303 469 54 249 301 126 93 376 212 
25 335 455 433 310 89 462 100 236 112 296 225 487 330 369 338 328 212 196 66 
129 314 203 169 182 473 456 443 78 123 466 48 348 43 485 295 395 241 287 50 
50 170 259 53 202 335 190 251 438 124 135 289 168 124 64 211 241 441 347 380 
267 157 338 256 322 25 483 403 491 262 403 222 335 410 376 6 229 383 429 211 
446 473 154 64 316 224 204 57 373 327 395 119 310 131 441 256 115 404 356 114 
355 63 131 134 333 55 67 206 275 198 7 447 247 120 171 368 216 351 211 270 
7 372 77 170 110 384 120 394 60 332 229 498 9 379 241 324 7 25 62 350 
68 123 191 248 210 180 326 468 306 202 336 217 10 33 446 340 346 275 226 289 
495 332 334 252 65 430 385 85 463 274 260 443 323 239 196 240 420 134 187 308 
37 349 472 279 227 37 465 7 496 403 285 230 155 142 218 95 480 173 243 396 
360 220 219 127 366 218 299 229 252 280 179 91 449 443 334 111 441 395 183 392 
439 360 296 285 79 204 213 10 257 235 443 459 5 390 273 276 483 255 147 95 
404 255 388 183 110 99 313 451 309 314 463 88 241 10 165 303 72 421 146 70 
487 461 309 361 216 245 408 46 347 3 369 293 313 83 322 134 403 385 360 375 
267 465 280 7 446 397 466 219 354 364 36 190 286 361 337 323 194 7 211 276 

299 276 365 195 196 382 245 263 280 352 484 65 184 297 300 333 191 48 216 419 
492 150 77 371 89 493 465 202 495 105 102 428 484 359 282 334 332 161 42 130 
148 197 332 363 110 299 241 136 115 170 437 131 127 378 121 370 349 60 192 411 
226 63 463 118 142 171 492 94 287 73 499 271 35 311 429 384 444 266 205 42 
498 327 97 458 470 76 420 277 436 141 383 224 451 269 161 148 408 245 392 247 
484 245 456 433 152 126 396 255 237 304 90 27 35 24 38 31 367 473 480 42 
97 211 116 291 9 157 379 342 224 292 271 332 410 213 428 367 445 216 159 289 
183 19 274 225 307 186 421 245 160 475 172 138 112 96 256 495 301 123 230 192 
97 167 359 425 402 306 456 348 329 76 40 192 482 319 415 459 345 105 186 272 
498 426 39 178 49 228 96 144 251 404 405 231 342 8 349 50 49 195 242 181 
396 241 253 49 138 484 144 126 489 14 188 284 354 333 63 344 497 261 48 408 
478 44 26 397 45 103 425 46 383 275 12 202 64 280 406 425 403 378 163 163 
21 497 136 133 23 120 111 322 494 253 398 405 291 311 320 4 348 464 190 415 
432 326 432 78 223 128 93 488 94 489 38 68 54 415 331 342 412 215 134 395 
335 71 68 186 119 455 147 293 190 93 327 242 387 106 144 215 304 345 296 76 
340 377 143 450 224 218 483 341 108 166 21 466 99 19 452 94 99 226 33 123 
224 360 265 59 158 303 66 447 366 442 206 459 114 51 270 151 3 464 446 118 
232 219 80 215 284 108 75 480 131 461 472 187 237 27 414 15 288 27 198 189 
481 203 450 144 452 83 76 8 259 384 169 395 290 225 419 422 198 300 344 118 
34 426 313 300 356 267 192 19 240 233 325 359 236 64 191 455 242 411 335 467 

452 263 329 158 101 13 427 350 246 240 455 307 67 377 157 133 159 246 446 122 
482 278 373 387 213 478 348 217 195 25 314 164 228 345 347 493 39 254 202 206 
204 72 26 124 153 6 374 131 183 125 469 201 327 47 159 146 354 88 245 285 
68 461 313 438 275 325 398 251 25 5 374 209 69 358 458 154 219 233 464 337 
453 36 175 185 235 210 325 293 290 99 51 319 342 338 259 95 421 460 55 122 
155 370 213 138 464 132 493 183 147 389 317 304 344 344 410 455 108 328 250 128 
306 219 285 189 9 425 271 359 331 200 64 77 192 190 216 494 411 96 263 429 
77 101 328 40 158 401 278 210 25 390 440 264 130 156 490 244 346 251 137 188 
247 247 36 330 119 133 238 9 185 228 226 220 194 110 300 178 490 362 420 88 
427 215 365 474 232 261 164 239 101 78 174 427 169 304 92 335 349 314 125 252 
262 471 81 338 145 10 184 300 384 275 348 292 323 405 4 474 385 349 169 60 
217 38 372 334 395 435 450 46 53 28 451 109 352 412 361 425 36 56 482 416 
154 264 311 248 352 30 39 194 277 484 314 492 27 150 72 344 278 368 434 328 
65 298 482 90 251 381 492 4 186 219 400 273 454 67 396 268 172 196 325 272 
343 279 390 324 91 280 266 395 321 205 394 469 33 113 32 24 431 344 39 403 
212 205 1 428 384 35 363 105 213 196 52 247 187 201 420 467 498 477 205 74 
210 478 413 221 492 3 274 210 479 119 285 489 137 379 72 197 474 227 145 182 
325 202 150 22 157 180 203 481 7 368 115 371 66 36 378 400 354 381 412 21 
199 476 353 452 428 329 327 117 349 100 429 188 442 47 301 142 40 192 450 375 
462 144 457 336 467 84 256 471 191 460 478 266 319 289 111 467 375 389 443 354 

150 206 10 325 193 373 114 44 201 354 341 325 348 340 439 6 423 372 392 127 
360 346 429 154 221 178 148 413 76 251 200 70 126 468 256 440 263 411 412 134 
265 202 357 182 322 138 91 239 16 87 437 346 216 177 168 76 248 464 33 122 
449 392 54 463 410 371 114 375 221 365 135 182 406 233 86 5 100 450 335 352 
152 424 55 97 201 32 217 230 331 379 314 393 317 369 420 220 238 353 415 453 
202 240 477 93 449 119 201 14 153 489 345 12 472 270 310 281 462 40 465 126 
196 258 106 412 163 394 116 50 111 322 391 391 441 253 430 220 203 14 110 368 
219 327 455 71 476 382 253 349 125 474 9 340 16 451 372 230 115 316 140 192 
433 157 394 2 321 341 220 143 322 257 322 165 436 446 313 150 345 494 450 366 
15 104 359 273 55 30 319 359 96 96 470 444 156 433 9 22 217 240 471 81 
32 103 331 119 12 32 206 6 290 17 391 232 214 219 33 131 82 178 228 410 
417 209 178 175 56 142 122 99 462 144 161 463 23 159 130 302 373 312 114 236 
145 66 292 492 436 270 497 245 26 46 34 316 178 170 121 303 275 116 494 16 
486 463 496 176 83 264 149 126 108 298 155 319 393 494 70 340 111 491 169 77 
224 87 56 339 416 161 352 259 56 366 252 478 270 145 394 420 19 262 228 115 
468 187 12 6 360 146 496 271 318 90 219 82 495 454 19 236 195 327 258 490 
343 129 181 430 24 333 174 218 336 244 250 254 171 53 490 186 44 46 159 28 
182 283 5 391 255 198 13 373 476 45 149 238 21 83 56 15 325 109 194 498 
259 334 390 155 293 6 122 139 137 419 410 112 99 189 347 246 427 7 110 270 
242 157 237 180 286 417 351 141 368 488 144 134 369 60 74 100 360 277 459 140 

135 93 102 258 192 19 113 158 255 200 405 18 130 174 226 423 360 457 483 180 
361 193 223 243 431 440 150 70 244 399 413 140 499 219 308 466 84 84 412 237 
469 34 398 198 212 341 315 419 415 207 103 257 189 320 388 444 151 437 259 423 
250 458 102 218 46 308 30 452 160 242 255 36 158 68 466 272 443 19 210 418 
12 241 429 239 25 7 400 73 343 248 322 41 265 35 485 172 202 300 356 208 
255 144 22 342 210 197 347 438 327 34 273 183 316 7 261 139 285 122 20 237 
312 190 289 214 42 287 454 459 45 232 2 351 280 161 196 6 314 476 153 327 
377 9 161 143 431 22 11 47 46 221 472 261 281 278 84 353 412 335 61 241 
416 275 267 155 66 323 107 120 31 343 226 372 321 381 440 213 387 320 218 94 
15 170 85 206 250 298 171 431 369 466 150 222 30 264 407 243 483 40 264 479 
389 299 186 432 426 12 84 455 169 291 476 426 7 91 353 79 55 362 398 254 
245 354 81 451 416 289 40 252 405 229 304 170 427 347 180 337 184 95 168 330 
328 299 83 293 160 68 128 264 174 370 465 135 116 3 114 189 293 207 110 306 
84 273 185 41 438 394 386 451 59 51 136 421 218 128 100 242 39 477 131 137 
384 89 153 420 287 31 166 224 51 457 392 76 73 65 332 17 138 212 360 417 
295 238 106 179 344 227 168 98 394 243 383 68 235 181 118 182 300 151 135 353 
87 227 79 368 253 342 474 324 122 181 326 457 76 193 135 96 206 175 281 77 
268 421 86 447 44 36 441 7 470 254 81 145 336 92 315 170 12 76 43 323 
414 187 130 414 39 486 241 451 415 499 350 136 298 233 389 240 154 47 433 18 
257 371 471 442 200 379 155 355 219 254 341 122 453 416 380 21 103 171 154 279 

12 307 207 357 21 336 68 152 231 22 176 145 450 372 156 32 447 22 242 18 
380 353 337 193 30 11 454 70 441 368 135 408 452 34 84 190 51 437 68 313 
245 200 152 53 131 187 289 314 161 472 393 391 110 306 233 7 81 67 246 366 
248 288 78 484 165 19 309 222 281 71 235 152 236 155 369 166 213 224 263 418 
90 176 424 389 288 473 386 192 14 310 345 410 166 316 227 410 47 374 39 361 
100 291 357 218 226 34 63 455 336 491 17 428 284 121 144 257 462 376 462 267 
313 220 441 164 243 419 145 468 317 364 249 164 415 288 112 147 233 187 290 57 
248 70 281 28 340 403 206 490 156 76 484 78 369 224 382 355 440 82 225 104 
343 418 32 292 275 454 87 360 1 194 59 34 436 32 283 479 125 197 305 449 
492 409 54 254 40 201 487 488 26 463 174 271 333 257 155 252 30 19 290 353 
325 303 272 441 489 56 209 360 259 192 64 328 463 24 153 61 35 101 343 116 
344 35 423 306 455 273 115 63 82 108 317 79 87 170 251 397 17 411 249 99 
76 413 468 194 147 70 116 67 386 486 444 322 306 472 492 467 279 312 464 115 
451 471 379 392 449 341 299 394 265 235 300 186 173 234 187 108 471 49 15 402 
442 132 266 345 335 307 461 84 160 77 467 361 493 171 85 131 47 163 160 211 
458 437 420 396 278 469 266 234 227 162 321 492 95 462 45 183 335 425 157 264 
126 425 245 72 446 213 485 229 499 142 411 126 82 206 417 419 190 221 272 164 
290 284 190 108 156 92 328 284 367 186 459 48 183 29 481 362 381 52 103 104 
220 75 31 347 63 343 416 160 14 455 419 468 40 54 105 6 493 337 256 1 
193 13 119 294 308 163 38 27 294 68 472 438 319 341 110 96 372 111 143 53 

224 380 150 333 195 479 183 489 254 401 107 6 119 397 322 175 495 406 146 144 
317 448 105 362 263 391 394 179 65 116 122 450 410 416 222 362 100 491 28 294 
194 311 334 230 452 112 443 12 453 258 111 42 410 406 115 38 434 210 166 291 
262 184 1 396 430 198 20 21 313 378 252 45 354 496 3 463 75 120 188 302 
421 413 9 100 333 63 106 56 315 95 149 34 290 357 441 200 33 192 330 80 
111 211 302 499 23 55 148 64 188 390 99 312 192 189 45 146 115 352 340 193 
363 376 378 273 23 367 14 386 470 300 26 175 494 432 158 1 244 121 288 65 
105 19 151 151 14 400 161 458 159 16 297 220 231 225 495 199 491 23 378 71 
285 398 128 163 435 353 435 165 1 413 217 184 29 78 449 495 298 291 21 337 
40 40 263 219 275 494 59 273 137 359 294 54 426 406 22 174 218 49 429 45 
354 424 298 318 445 493 498 109 418 499 107 160 371 405 240 424 53 322 409 216 
222 327 86 128 208 441 306 475 192 158 161 306 372 276 221 108 343 337 136 211 
487 494 196 18 114 23 257 257 232 370 101 370 194 307 20 78 402 450 67 353 
51 6 327 98 197 235 131 42 333 131 455 220 320 473 9 196 84 195 9 462 
491 358 392 457 279 465 487 199 447 217 125 302 480 415 430 428 99 71 124 323 
118 33 206 451 299 398 113 443 123 242 258 275 28 8 94 417 73 386 487 137 
74 351 170 326 262 486 55 156 476 234 119 170 68 423 16 439 384 259 2 289 
156 64 65 240 300 143 293 48 135 351 51 170 443 427 443 83 344 203 94 411 
378 204 176 443 438 232 107 431 332 337 317 37 378 224 209 209 411 297 79 14 
124 179 279 285 193 448 185 400 126 452 428 452 397 15 301 40 68 436 139 306 

446 177 169 254 72 124 437 82 58 374 14 11 338 131 206 425 103 37 160 366 
340 124 201 123 139 170 428 193 427 427 31 191 282 443 190 264 471 139 341 27 
188 459 382 195 152 218 218 321 493 59 83 416 194 457 13 289 366 384 414 411 
386 46 213 9 422 305 33 425 74 174 346 54 419 260 98 371 112 179 113 226 
99 308 25 473 491 418 5 52 479 455 446 31 380 82 183 287 431 186 156 366 
8 335 403 392 145 108 358 40 201 450 58 174 468 285 370 14 183 100 232 427 
120 78 110 152 88 411 117 239 90 284 288 418 436 359 495 215 65 427 54 358 
192 203 402 336 368 141 307 363 416 92 235 90 52 210 468 67 194 387 426 356 
305 315 218 371 190 469 443 354 220 298 32 389 38 376 292 120 273 72 448 322 
344 209 427 385 28 315 230 32 50 216 306 496 161 460 166 249 446 245 357 464 
456 210 250 191 57 474 305 376 353 315 206 86 339 261 198 54 17 201 472 286 
385 363 113 259 484 228 374 357 295 423 405 482 267 381 203 159 447 464 65 384 
431 493 260 223 388 52 274 182 118 220 206 95 485 371 262 204 282 16 459 413 
160 466 433 168 153 41 379 281 1 466 386 310 362 493 394 422 427 165 128 311 
136 328 260 409 483 52 242 494 342 270 481 194 369 102 217 219 325 192 72 164 
82 147 52 125 306 344 388 102 436 290 239 55 352 152 109 89 131 277 163 482 
318 498 238 158 305 331 177 64 131 445 317 296 192 99 398 364 70 333 173 333 
132 180 478 227 320 334 306 445 21 80 263 451 337 252 418 311 354 445 1 421 
58 227 100 266 419 7 391 461 455 467 455 163 469 243 340 333 458 346 322 450 
87 348 424 296 338 209 372 97 79 428 24 309 166 312 346 85 344 438 288 323 

134 271 472 253 364 458 387 246 39 304 171 58 461 114 356 236 312 93 170 56 
383 216 399 386 311 235 464 436 153 221 483 62 70 390 305 491 350 2 440 338 
270 328 46 321 365 38 307 396 351 441 150 464 454 53 68 479 465 213 12 310 
499 296 185 230 414 39 187 274 446 417 343 327 499 366 268 187 418 302 101 378 
188 456 76 494 318 444 23 66 334 127 268 94 416 437 20 234 75 7 317 383 
99 164 194 245 159 453 352 489 479 308 310 484 381 370 473 189 468 196 257 133 
190 383 172 98 5 424 373 45 313 415 424 83 319 61 420 160 400 279 62 292 
275 447 216 351 29 369 341 30 108 275 99 243 410 39 36 99 403 279 30 22 
114 495 185 382 399 110 413 93 299 405 182 176 87 158 102 384 130 33 165 387 
281 160 91 52 147 238 204 498 287 409 460 386 337 186 15 95 208 129 203 185 
148 109 36 8 109 395 462 266 76 200 169 410 339 380 496 124 293 162 250 392 
97 326 14 382 117 230 164 109 390 310 428 143 50 488 55 31 228 68 87 28 
413 402 373 90 273 308 137 134 82 288 250 174 219 155 348 230 78 299 429 470 
22 119 363 66 441 164 415 404 296 240 476 420 339 383 268 256 355 339 499 393 
450 340 82 394 416 288 209 423 416 35 18 168 499 192 278 359 253 271 36 265 
12 347 121 335 16 25 197 295 148 440 364 232 179 269 499 82 321 388 3 108 
119 368 474 271 108 158 422 113 311 152 356 435 69 47 67 216 425 51 82 441 
170 474 347 193 133 102 327 22 465 277 74 153 455 166 433 69 493 98 281 150 
147 103 41 342 331 130 147 466 477 365 202 143 440 157 396 130 70 413 39 243 
478 312 245 242 164 194 266 412 148 4 366 180 103 436 14 341 278 444 220 141 

422 306 171 189 88 48 56 90 390 141 378 200 342 67 126 345 194 49 184 89 
285 148 389 493 347 368 114 401 287 95 271 233 277 423 76 116 377 191 249 171 
377 314 279 432 34 29 428 182 389 248 61 477 184 193 200 150 495 67 24 183 
408 161 403 358 278 374 256 450 53 111 463 259 243 389 15 244 404 350 169 263 
223 372 36 295 123 134 456 115 323 474 155 135 46 335 496 435 90 215 145 223 
407 175 312 414 4 16 238 322 346 46 263 455 306 161 12 430 256 396 116 471 
154 114 463 131 219 477 463 27 223 275 295 385 51 227 84 263 402 145 471 424 
388 127 34 438 171 187 198 473 468 218 13 186 113 409 7 174 62 98 447 71 
342 118 376 155 475 96 281 364 55 235 259 79 174 58 74 454 27 396 125 299 
207 196 229 132 256 146 264 32 184 322 275 486 415 338 90 260 185 56 492 407 
457 239 467 228 348 121 402 181 139 220 164 164 100 48 455 267 141 332 109 230 
52 272 430 20 20 476 167 487 84 178 59 73 455 26 374 417 257 212 498 272 
280 71 114 361 372 242 227 109 86 481 153 300 297 397 25 470 405 89 148 499 
433 405 215 440 280 143 90 132 394 116 89 238 390 444 461 298 162 357 12 54 
138 123 198 414 324 469 218 199 386 423 51 180 340 289 347 295 235 119 399 79 
41 87 478 38 238 183 101 258 408 329 122 115 384 91 99 347 468 147 174 8 
400 351 146 21 170 328 57 209 287 29 424 65 403 423 473 440 455 439 452 481 
424 410 220 315 176 486 289 29 185 195 82 71 222 474 470 37 339 165 11 77 
186 121 112 19 492 311 333 29 320 386 273 111 60 52 174 496 87 278 73 152 
64 143 57 10 446 277 197 487 18 298 311 40 216 341 11 485 329 372 375 213 

128 329 147 18 150 419 282 285 173 274 354 397 277 270 367 143 27 108 159 448 
274 321 490 277 22 317 241 443 338 282 252 453 138 171 472 465 2 362 177 221 
1 17 92 435 416 369 247 291 48 10 368 128 251 238 470 64 244 274 383 28 
288 220 312 476 210 494 124 350 452 229 109 431 280 355 479 99 313 118 62 357 
249 215 356 42 66 114 493 195 234 147 14 232 363 111 180 123 227 106 70 186 
57 113 183 84 434 192 393 319 67 233 12 317 73 386 121 233 279 483 235 401 
192 227 279 413 469 334 326 169 397 492 462 135 2 240 362 271 311 310 75 81 
214 146 32 275 382 314 411 28 182 257 183 197 144 327 328 289 382 334 228 458 
29 476 123 279 193 260 426 391 411 157 473 150 188 376 260 434 457 270 269 254 
141 48 139 216 162 387 52 353 66 331 431 275 394 22 219 348 490 114 112 359 
42 29 257 319 319 338 238 410 16 486 210 389 294 139 38 118 33 376 102 246 
465 417 384 286 448 21 168 370 142 8 469 42 284 142 104 378 444 188 283 156 
455 244 300 441 81 172 258 394 492 493 9 475 49 157 6 396 94 13 497 237 
448 1 204 359 184 302 420 227 307 418 168 148 52 234 209 60 213 457 377 474 
88 496 143 262 496 244 495 477 291 61 100 42 316 275 86 453 103 229 72 289 
339 482 376 59 408 181 283 182 177 79 395 240 264 462 476 452 72 190 150 211 
452 283 184 203 472 286 384 16 277 389 82 219 151 152 21 402 243 342 167 355 
466 273 230 474 430 188 134 187 164 425 217 198 392 146 491 179 468 289 191 348 
4 54 108 223 244 336 198 456 133 407 99 257 7 173 406 417 135 129 292 294 
415 97 74 377 348 113 491 177 276 294 449 334 241 338 367 284 422 259 149 25 

124 280 329 167 319 50 312 433 10 370 203 408 204 101 262 26 32 186 2 476 
29 364 343 437 336 177 72 416 191 74 480 391 238 278 202 271 93 366 327 499 
177 493 5 310 252 47 165 26 221 209 386 80 316 12 338 284 346 199 267 160 
235 428 368 92 230 40 39 295 84 369 121 372 257 216 255 152 167 496 113 71 
59 261 219 255 326 396 385 85 329 39 8 466 89 284 293 98 282 73 284 329 
442 97 189 417 230 205 430 266 76 294 116 116 442 209 293 123 482 215 133 489 
467 88 63 481 178 297 375 467 188 344 280 95 457 35 416 426 475 464 461 393 
339 34 110 106 151 50 287 357 416 412 65 464 470 65 454 363 111 19 87 388 
269 448 88 93 334 21 184 373 276 28 239 483 358 235 489 231 133 494 178 37 
459 327 487 475 496 128 492 325 168 459 230 256 314 466 73 22 35 408 481 423 
190 174 213 151 38 58 332 185 106 354 33 386 50 258 5 53 370 396 467 415 
198 343 249 414 208 43 466 60 282 424 89 387 29 207 447 174 171 489 446 154 
328 26 281 449 56 85 278 81 214 141 309 25 487 444 148 129 293 204 250 273 
212 190 456 163 106 478 490 36 413 424 166 142 71 388 36 277 8 237 221 240 
173 209 456 89 296 292 366 141 98 478 214 187 132 413 60 205 139 477 236 182 
254 190 350 351 83 172 72 248 329 466 230 211 328 132 157 142 59 5 499 7 
442 25 276 207 373 378 277 484 384 423 79 488 22 374 472 365 35 182 53 458 
422 375 391 443 93 404 142 99 342 249 275 269 386 311 326 239 176 340 200 413 
95 489 121 297 259 5 37 2 232 49 221 81 304 100 307 2 307 286 92 165 
168 313 382 63 440 13 371 221 33 66 318 417 162 352 311 365 36 100 363 17 

329 109 160 36 389 223 221 216 439 309 92 426 30 226 344 470 217 158 327 445 
381 226 22 260 235 235 196 106 113 268 241 499 122 106 187 264 325 454 222 291 
53 43 178 401 418 148 325 149 61 223 120 7 205 396 62 4 445 27 154 289 
480 290 305 361 303 211 131 351 23 310 76 26 178 133 6 133 343 281 270 20 
482 120 470 253 402 233 276 153 448 207 197 5 225 314 172 236 333 102 471 315 
409 35 242 449 82 168 18 378 452 473 30 364 431 334 377 205 493 277 368 20 
70 467 148 300 333 196 244 280 339 486 321 155 419 96 408 493 267 319 410 429 
471 17 413 93 183 202 266 126 193 331 72 298 356 36 245 48 351 379 244 427 
422 56 75 41 326 470 262 245 34 60 451 231 270 151 318 396 12 470 90 467 
390 409 179 95 325 480 187 194 407 478 407 13 87 324 471 219 194 108 363 344 
376 415 285 365 151 3 371 158 383 345 486 393 380 100 99 8 16 369 147 233 
264 236 389 177 141 26 488 379 377 207 95 2 212 104 302 401 10 435 173 30 
300 242 356 85 393 127 461 412 188 130 143 74 415 101 272 348 452 312 53 263 
156 287 148 327 246 327 453 22 154 39 333 145 491 206 247 334 314 491 239 331 
60 440 373 186 353 485 107 143 98 79 326 265 283 144 214 157 51 373 447 90 
393 119 448 332 170 140 413 466 218 473 337 258 254 352 348 399 260 17 221 241 
289 414 116 38 187 194 321 1 209 132 243 2 442 192 345 220 389 306 16 312 
456 162 441 107 483 186 29 95 52 335 475 83 449 476 186 333 162 377 344 450 
466 348 138 2 171 477 177 348 411 72 281 378 98 48 73 480 108 176 239 17 
386 251 278 218 453 310 308 14 30 122 366 485 380 249 87 87 281 246 254 269 

400 211 268 366 74 354 141 229 64 368 188 356 473 370 210 352 9 86 74 31 
346 78 369 381 238 97 106 234 187 133 284 281 12 423 188 484 432 129 482 406 
250 479 25 393 420 22 340 355 411 423 204 216 59 485 33 48 499 487 38 154 
449 155 393 485 496 107 259 337 372 35 350 95 485 58 32 137 401 24 494 315 
392 51 317 222 251 348 465 119 414 218 450 277 467 424 282 216 174 307 45 171 
251 187 480 315 150 298 106 177 273 138 80 459 159 106 134 398 357 261 313 104 
363 21 202 22 29 338 283 423 179 163 463 30 346 477 423 347 338 353 135 145 
167 448 111 280 57 262 498 258 494 427 260 475 340 337 6 211 143 150 33 193 
25 173 163 152 331 255 453 480 314 397 475 67 485 34 484 310 243 219 401 324 
54 272 107 177 197 465 197 438 349 386 326 365 135 99 496 418 50 465 447 245 
369 187 208 336 476 248 241 219 12 343 26 318 100 312 264 70 475 386 463 225 
453 428 339 202 176 112 473 52 419 242 159 329 227 268 205 297 411 270 244 185 
355 141 367 11 273 137 204 478 22 258 359 294 169 319 432 424 96 84 366 126 
126 189 168 81 489 125 413 373 213 265 468 66 175 27 476 69 29 330 128 189 
71 154 292 255 458 113 188 290 261 6 64 18 415 258 147 265 214 493 372 140 
305 490 90 114 29 478 351 246 333 276 299 97 158 20 455 355 63 173 416 223 
7 17 332 345 47 133 103 76 280 219 361 90 145 326 15 55 199 85 410 302 
448 240 231 183 57 452 42 246 132 169 322 221 68 459 391 38 382 275 391 286 
25 459 238 199 494 482 96 53 388 257 490 136 90 445 178 75 33 183 416 141 
454 459 139 142 356 131 345 265 168 499 462 44 33 82 496 493 219 173 76 312 