7 7
90 62 19 26 80 23 86
20 7 65 59 74 91 62
53 99 95 56 45 7 4
49 48 62 77 12 29 6
27 33 42 73 38 95 81
66 70 62 56 76 36 39
73 8 71 51 55 39 36

409 496 38 291 476 249 366 
204 200 374 296 380 62 21 
385 452 117 176 337 167 91 
229 487 418 391 408 198 152 
337 300 149 403 35 368 298 
149 65 6 43 449 120 140 
258 332 162 178 10 158 174 

455 57 49 323 489 135 473 
213 305 190 46 259 347 373 
354 31 321 481 173 372 299 
72 329 163 328 56 98 470 
471 415 214 324 286 55 363 
189 326 278 237 15 373 151 
250 160 495 495 153 83 161 

422 474 188 309 371 201 211 
192 466 257 322 305 454 224 
326 359 347 338 259 170 271 
444 350 83 400 499 92 36 
442 299 273 429 366 107 81 
260 44 434 341 483 216 347 
195 139 43 141 4 441 369 

427 240 48 238 499 97 87 
281 34 178 57 241 326 82 
269 398 254 378 462 260 496 
155 246 292 291 263 126 223 
368 92 190 176 106 497 33 
231 309 258 445 485 486 73 
401 328 413 23 477 31 247 

237 411 352 419 257 403 383 
167 31 234 225 109 235 98 
232 109 59 180 167 491 246 
157 218 270 438 219 231 139 
150 169 96 316 453 437 96 
203 443 81 110 70 197 73 
207 439 95 451 113 464 272 

156 60 433 140 484 146 182 
167 278 301 4 222 304 498 
123 44 50 285 53 450 400 
443 462 124 70 20 147 393 
206 446 42 103 150 29 1 
119 409 450 239 121 459 360 
97 275 148 291 227 125 245 

180 106 246 431 217 348 185 
41 111 291 382 366 316 14 
263 284 320 338 379 114 388 
161 476 58 441 89 441 376 
31 194 73 301 199 285 375 
352 242 125 352 170 244 409 
131 1 291 286 208 496 387 