5 5
65 51 62 65 16
71 31 49 85 58
47 78 63 2 62
14 97 48 42 95
89 7 76 80 9

881 918 803 917 827 
825 923 737 632 938 
791 808 714 997 833 
890 611 835 904 835 
944 926 800 952 621 

568 771 547 662 524 
544 822 900 826 790 
580 666 555 797 620 
847 512 538 979 644 
540 954 667 517 841 

654 578 944 760 684 
791 771 589 990 642 
568 589 512 850 581 
585 695 719 623 766 
600 502 576 687 604 

678 836 937 724 886 
819 780 782 963 583 
647 912 706 980 964 
688 827 978 599 668 
575 966 619 714 670 

977 702 825 738 811 
672 606 739 859 658 
953 671 583 971 809 
507 522 678 638 667 
850 846 655 579 986 