15 15
83 15 91 23 7 83 91 4 65 16 43 89 78 8 62
1 25 34 93 79 28 82 28 30 70 89 40 44 77 3
94 27 13 42 12 7 91 18 34 90 13 43 94 89 19
90 37 38 49 77 75 27 88 13 61 96 81 54 17 33
38 81 73 6 3 3 61 54 12 49 96 59 32 20 3
87 34 46 10 15 46 67 57 9 24 32 83 39 22 55
48 85 92 89 40 81 77 24 43 21 76 47 3 44 73
34 62 90 41 3 64 12 91 28 12 13 74 75 26 54
1 42 33 46 57 10 78 21 27 72 33 4 50 47 40
2 64 37 27 11 88 80 29 86 59 79 7 51 93 29
84 78 26 74 38 87 25 27 86 61 26 43 81 2 73
67 87 55 56 97 14 95 73 8 41 82 17 1 84 77
93 24 19 55 69 50 10 20 72 40 87 61 64 6 1
48 16 65 40 66 67 49 48 61 48 52 93 49 88 22
99 49 62 50 13 97 46 92 91 28 38 61 37 90 19

672 594 763 615 757 614 931 772 653 947 799 611 581 530 626 
531 585 819 822 503 680 927 824 833 672 563 740 784 962 802 
961 796 798 970 617 735 731 858 624 560 887 781 540 885 780 
940 996 650 596 767 841 874 988 643 592 880 975 869 817 800 
603 596 804 836 986 946 811 916 934 691 547 624 564 859 647 
609 537 586 641 859 667 980 570 804 691 696 697 546 871 580 
700 594 821 710 949 892 963 969 956 587 816 887 980 798 683 
878 631 842 868 957 543 802 983 775 866 992 790 716 546 505 
956 660 587 838 705 672 777 828 840 658 755 578 933 551 509 
574 684 819 756 757 707 923 957 826 894 977 618 743 774 880 
611 778 680 829 958 609 800 593 595 859 600 805 960 954 622 
676 805 992 769 666 988 695 735 907 842 963 917 887 589 628 
937 586 924 718 743 646 955 871 579 574 615 581 671 618 975 
529 910 984 877 790 688 557 549 608 765 925 818 950 674 517 
800 622 550 709 834 976 609 972 521 762 630 689 680 529 733 

553 525 931 638 825 798 512 659 575 677 997 556 875 961 790 
547 750 784 778 509 579 683 529 971 788 746 910 887 686 639 
998 947 779 890 899 822 892 550 517 943 548 698 567 832 537 
858 945 887 894 634 745 718 961 565 967 872 698 903 992 802 
744 722 980 737 662 906 665 603 715 740 787 898 513 942 867 
620 866 650 861 723 918 619 557 940 744 626 575 860 635 585 
977 974 906 651 979 903 921 865 938 903 571 837 509 818 751 
702 745 502 857 611 687 694 577 864 884 922 685 583 857 688 
859 980 921 790 967 844 855 895 632 791 950 663 545 732 900 
918 601 931 555 910 730 514 774 630 788 878 941 905 556 910 
565 644 608 939 595 798 682 949 597 645 602 733 508 624 521 
756 947 633 859 848 939 969 740 762 802 907 723 524 811 613 
677 972 735 935 846 759 842 657 552 899 669 823 646 527 638 
942 653 969 578 796 800 708 724 982 976 998 802 872 805 841 
754 942 914 554 629 762 508 537 871 705 505 594 590 733 883 

941 839 712 866 649 571 796 667 541 632 600 694 644 782 636 
676 589 923 590 854 504 938 846 558 537 719 823 534 685 973 
935 541 594 591 931 508 998 703 638 876 623 961 922 534 506 
782 970 598 847 900 795 890 874 530 668 523 563 966 673 647 
943 986 756 646 551 943 558 733 541 771 806 841 596 760 631 
765 793 834 561 902 706 981 978 774 848 740 877 694 880 535 
904 570 655 840 734 782 742 683 597 663 812 901 876 741 703 
539 599 654 506 905 879 580 832 819 905 921 654 749 564 572 
595 882 996 532 685 536 537 654 934 688 992 647 984 795 956 
674 733 516 927 863 554 858 670 642 837 522 656 598 517 971 
707 580 804 972 612 746 634 762 669 750 535 933 866 648 883 
579 955 794 699 592 518 783 735 939 515 868 757 945 800 940 
645 998 989 684 578 792 536 532 820 692 664 792 847 921 813 
836 739 995 818 594 967 619 799 969 645 879 738 851 793 935 
856 937 779 951 781 964 645 873 623 924 567 628 879 679 520 

973 933 607 772 984 639 845 725 880 809 864 910 890 937 525 
915 538 725 809 914 711 571 977 798 865 833 634 862 542 884 
881 752 851 725 565 662 796 968 666 873 654 993 894 992 787 
640 743 976 975 601 701 772 887 687 829 937 674 543 810 784 
584 755 674 993 518 817 615 649 936 917 947 920 876 687 599 
864 661 965 799 618 570 676 627 798 661 779 620 987 887 705 
680 535 594 833 950 608 892 893 532 814 504 589 835 726 847 
869 529 679 989 551 763 946 860 971 526 866 939 921 586 866 
651 686 780 696 687 519 811 845 579 685 771 872 775 672 575 
623 972 679 570 517 526 792 890 744 593 608 511 860 842 535 
676 583 530 710 520 915 886 858 521 595 961 655 969 668 691 
890 625 661 888 523 789 946 694 587 878 746 567 798 850 546 
687 726 838 823 736 979 765 641 664 757 921 739 807 792 854 
513 787 906 882 535 901 679 721 833 537 975 899 762 615 851 
616 818 594 757 961 590 526 827 865 793 591 857 706 696 718 

908 701 883 998 882 621 568 721 902 717 807 694 678 583 521 
667 969 755 829 962 666 731 529 639 783 736 886 662 591 735 
558 723 705 752 761 713 766 844 662 518 606 746 870 892 697 
676 740 710 764 573 900 989 914 543 926 973 777 618 819 650 
647 838 988 651 849 889 873 862 828 568 582 969 873 502 892 
844 730 888 761 938 962 646 645 788 888 581 750 896 599 669 
973 625 639 836 974 591 868 949 705 522 729 667 565 906 689 
955 607 835 600 857 866 967 512 674 972 997 966 513 772 728 
614 538 557 948 505 976 992 872 744 690 853 862 504 983 897 
745 777 569 795 757 561 923 861 802 860 576 908 659 596 652 
867 726 942 608 998 510 576 503 932 872 621 822 503 906 643 
635 900 784 611 807 973 994 971 780 984 508 581 690 787 631 
549 777 624 856 845 564 684 555 993 872 957 560 691 993 565 
878 560 634 871 585 564 934 687 778 754 524 703 645 875 890 
965 937 615 944 516 945 896 884 576 698 939 675 773 508 720 

979 757 992 635 817 892 543 794 870 546 995 535 645 930 920 
669 910 666 673 925 739 870 525 745 528 975 844 733 853 962 
802 755 885 876 969 808 836 746 866 843 888 839 668 670 691 
820 830 893 771 571 765 969 692 778 636 836 596 785 911 961 
803 712 581 515 663 943 624 807 571 540 706 694 946 592 624 
949 819 734 902 633 907 753 689 658 504 948 778 851 824 595 
780 954 769 691 945 830 756 972 746 546 819 886 885 997 935 
803 512 886 776 782 845 850 809 719 721 801 622 743 887 907 
847 933 665 905 552 738 561 913 652 691 631 526 692 971 975 
811 901 966 887 521 995 851 956 692 621 851 979 689 618 627 
866 504 587 927 969 909 717 949 657 553 709 753 819 515 979 
913 895 890 942 835 939 787 582 890 550 679 717 673 742 833 
913 863 669 939 580 522 941 967 882 573 517 955 860 852 687 
791 726 508 993 661 557 787 592 901 973 661 907 662 816 810 
749 898 609 887 977 928 621 857 721 956 874 531 617 945 720 

952 685 851 848 919 949 940 581 530 636 583 692 624 676 913 
612 648 687 609 920 543 621 522 843 769 758 652 865 514 786 
546 905 723 804 645 891 987 691 867 660 657 619 777 748 971 
682 643 667 563 699 965 990 712 586 918 522 674 740 822 865 
871 659 862 714 958 684 671 653 914 732 661 863 712 548 661 
880 603 817 682 735 824 551 841 953 657 979 737 988 531 841 
958 744 676 930 830 604 524 675 568 760 612 578 900 929 805 
979 769 750 591 979 807 753 740 951 599 690 618 937 724 953 
898 743 952 992 526 682 697 642 896 732 978 577 523 882 800 
722 731 984 865 998 545 587 699 569 675 768 878 723 819 849 
971 982 726 772 949 885 716 657 644 952 814 729 889 611 950 
848 695 922 573 554 556 928 636 768 650 985 501 940 584 900 
533 530 697 778 905 594 962 917 874 556 544 688 714 622 890 
758 584 525 885 801 690 592 993 777 861 784 509 951 624 753 
660 755 859 938 804 861 554 925 818 689 935 641 582 548 854 

764 732 922 651 753 763 563 659 690 783 634 987 998 897 644 
628 940 667 804 518 799 681 796 573 516 707 839 645 624 860 
646 809 966 666 799 918 566 611 728 913 973 969 718 778 647 
565 897 740 795 886 717 884 710 845 918 867 609 746 605 760 
731 903 969 816 596 889 692 544 848 674 749 523 501 557 569 
612 608 823 615 694 546 718 702 955 952 803 698 663 924 508 
862 962 859 909 699 878 563 996 874 909 717 825 557 543 947 
799 730 742 506 733 863 864 540 978 823 597 742 542 583 649 
968 836 727 544 702 989 728 608 515 597 805 533 723 748 634 
805 954 938 854 790 613 804 789 779 842 671 640 961 791 659 
585 749 634 940 824 818 934 768 621 974 928 735 952 687 658 
503 610 963 639 708 557 835 796 911 821 946 756 666 623 539 
842 779 825 866 927 854 607 989 524 969 991 964 936 597 585 
733 944 927 842 934 950 507 703 852 517 536 563 734 786 574 
966 717 954 564 828 831 883 728 550 882 653 834 526 943 559 

746 962 511 874 888 757 956 944 716 662 826 778 545 832 666 
509 913 506 666 710 964 800 559 801 713 875 912 562 667 674 
785 588 751 743 696 715 536 538 774 746 728 594 524 602 616 
569 873 726 797 705 809 854 576 529 734 755 602 644 920 639 
626 672 902 984 768 504 915 821 772 570 975 605 703 951 517 
634 796 528 997 896 750 581 523 794 881 587 896 576 578 917 
993 642 878 972 602 747 911 701 801 577 537 923 749 833 865 
544 612 672 861 887 876 743 946 554 745 966 686 949 923 708 
987 696 788 736 561 787 875 759 514 821 785 691 630 756 555 
911 870 544 804 768 838 648 567 996 576 793 830 910 979 722 
707 918 550 921 721 782 663 895 673 559 895 700 722 934 965 
979 947 797 657 920 545 549 901 844 805 655 693 683 644 729 
837 621 706 698 740 637 948 864 721 679 763 645 762 671 734 
770 801 949 617 607 873 899 577 683 965 889 718 720 648 693 
547 981 802 517 890 797 539 853 786 807 609 951 886 811 773 

856 665 874 666 799 964 842 648 980 982 571 526 810 732 653 
687 505 986 620 874 624 638 657 934 735 776 535 792 565 713 
555 737 997 915 619 728 618 958 941 834 898 660 611 931 758 
831 810 607 834 572 638 950 962 575 816 835 837 898 509 867 
866 740 750 702 829 706 638 538 916 911 623 530 554 751 618 
501 537 701 850 905 930 783 824 979 578 733 648 839 774 854 
884 806 712 857 958 846 580 779 669 644 713 862 989 721 970 
622 977 937 661 783 664 971 821 842 706 880 517 546 687 737 
591 894 617 848 946 700 663 799 885 727 948 838 631 691 757 
827 661 775 974 895 632 766 615 675 581 929 548 594 734 591 
839 859 830 519 729 908 833 862 534 503 796 687 846 956 954 
622 573 858 530 726 585 503 802 544 508 668 673 684 813 700 
970 886 976 892 751 768 919 840 527 631 695 887 662 686 817 
541 941 658 644 820 951 710 635 770 848 582 963 823 779 516 
590 515 724 724 727 591 717 853 741 971 546 525 928 602 900 

983 708 864 758 572 885 828 772 858 934 797 693 615 837 645 
766 583 684 921 661 686 908 773 856 868 602 942 906 714 893 
530 826 649 916 647 691 921 760 713 738 608 596 882 977 891 
758 784 962 852 949 835 925 581 859 645 723 582 583 880 766 
801 912 691 841 960 659 907 812 754 562 764 559 509 666 956 
881 760 599 708 862 638 725 772 807 585 625 977 972 645 810 
791 949 794 888 583 841 765 728 639 812 671 509 782 894 679 
970 940 511 878 858 597 829 804 651 837 752 624 643 801 508 
699 691 889 640 608 700 540 738 610 906 580 513 707 600 809 
878 776 937 906 861 748 714 991 850 620 990 917 639 766 867 
868 773 819 568 717 977 608 759 747 710 823 774 837 624 528 
967 562 857 950 842 703 795 917 760 532 724 550 783 537 863 
574 640 792 759 724 624 665 963 836 590 546 663 604 931 923 
904 773 864 589 686 804 645 861 524 744 937 623 525 659 867 
802 636 763 566 975 830 656 740 865 681 729 575 578 549 770 

759 788 956 676 608 850 705 840 911 835 828 987 896 622 904 
677 735 588 954 577 737 789 939 706 604 912 718 746 987 893 
590 623 765 887 895 658 710 704 555 648 773 668 968 751 787 
715 955 996 610 697 572 548 913 745 599 841 875 561 697 648 
600 969 550 812 992 981 836 596 867 932 937 522 849 843 682 
872 677 959 723 587 550 796 872 522 808 858 758 672 920 511 
524 561 868 641 585 778 959 849 587 963 889 546 990 531 964 
570 765 750 713 573 506 915 824 982 779 771 926 528 811 913 
696 786 992 713 894 757 972 572 870 752 524 565 557 655 540 
889 538 893 801 963 629 997 799 502 607 811 921 773 979 579 
856 684 627 713 692 904 702 707 515 935 647 828 616 977 605 
661 833 680 884 613 816 657 996 583 666 739 874 667 573 872 
880 878 533 686 678 818 881 899 754 772 946 548 867 882 906 
537 972 580 793 722 852 896 757 875 985 559 746 602 801 619 
838 970 602 947 860 865 644 855 979 524 789 533 748 751 881 

674 867 945 950 624 603 943 553 608 636 527 983 913 869 726 
560 811 595 611 548 827 662 895 969 839 697 656 679 988 577 
967 719 909 599 661 506 642 805 601 928 812 601 735 922 713 
894 624 923 720 981 561 717 861 966 746 965 854 702 754 885 
913 652 588 738 986 870 964 826 669 751 898 732 863 895 649 
903 649 866 602 788 808 897 955 581 712 699 644 591 669 821 
817 652 855 659 828 970 963 760 524 807 731 715 975 537 927 
828 797 720 677 967 955 753 517 720 722 535 963 641 705 774 
701 579 589 904 694 835 916 633 670 861 538 960 751 721 889 
762 710 876 696 516 773 741 754 670 526 678 586 622 538 715 
768 845 714 876 625 737 859 605 564 714 717 762 995 911 767 
755 987 883 718 509 762 757 681 980 952 860 927 517 573 631 
944 806 603 502 619 890 747 927 528 532 553 515 659 839 513 
850 556 634 510 980 676 895 859 962 603 871 655 991 595 735 
996 877 884 748 670 623 759 521 749 757 795 643 917 580 904 

626 585 738 716 987 922 847 692 603 996 977 936 563 545 682 
644 797 700 966 516 948 532 806 830 813 938 801 584 852 649 
986 843 820 902 904 989 807 882 620 766 915 629 549 979 526 
552 654 715 578 875 771 534 859 750 871 939 809 766 616 974 
708 592 995 938 930 973 817 921 721 747 845 547 993 927 555 
892 676 566 732 957 532 639 992 678 755 734 654 694 596 930 
642 902 592 669 710 838 923 927 878 560 883 507 581 955 993 
790 742 975 519 903 851 552 942 591 528 648 867 589 922 780 
981 949 812 616 993 870 559 814 615 691 744 997 955 698 774 
628 849 888 818 695 609 854 675 867 514 507 556 887 652 755 
807 704 912 940 706 719 696 645 547 742 612 904 577 703 681 
837 659 601 588 554 629 503 542 960 578 658 611 739 569 685 
874 905 973 925 775 978 547 705 766 941 950 539 658 980 858 
988 591 870 854 892 614 558 755 550 802 657 828 591 850 588 
762 992 638 700 749 763 882 559 670 649 762 722 530 559 530 

621 521 536 805 680 578 673 983 808 824 726 645 945 575 853 
765 784 581 872 948 756 927 854 921 990 739 892 856 878 843 
799 979 619 749 993 848 796 745 662 955 822 684 528 702 964 
612 676 753 585 532 944 635 794 949 793 557 796 745 570 698 
846 913 984 547 568 797 965 586 838 768 592 812 567 805 773 
971 865 648 877 941 547 694 684 502 984 849 842 948 513 934 
562 830 863 578 696 996 695 756 910 857 790 986 532 519 554 
794 885 540 676 900 607 993 528 730 803 604 627 714 692 857 
939 665 677 676 890 811 538 513 872 935 881 764 811 811 642 
825 664 673 845 934 537 706 712 777 941 660 855 692 611 965 
692 801 671 657 969 805 937 896 849 772 997 960 922 592 673 
502 518 855 802 565 503 671 688 671 548 727 843 646 595 535 
889 646 716 723 785 764 840 535 862 820 648 643 869 974 505 
858 688 781 716 638 756 561 816 829 785 651 884 989 976 533 
666 632 649 790 862 623 522 786 819 941 779 526 544 768 653 