20 20
66 65 65 49 40 84 48 7 16 27 23 51 47 64 33 64 99 54 56 52
59 73 60 39 25 97 8 61 69 50 96 4 81 72 21 92 30 57 65 29
94 44 6 93 13 33 14 35 39 95 18 6 97 83 92 83 6 26 16 79
82 64 86 83 14 6 24 25 91 88 18 90 78 40 3 18 40 67 79 76
10 1 88 55 44 84 23 17 84 8 82 47 2 20 88 5 40 30 31 6
48 61 90 87 6 95 17 99 71 36 51 58 5 86 15 54 71 79 79 72
9 17 64 12 63 37 58 64 85 38 90 22 90 29 96 75 39 67 6 72
93 69 54 85 18 29 11 2 87 4 61 48 20 95 11 63 99 89 55 47
96 98 4 44 27 12 16 64 81 30 38 78 42 72 53 1 88 56 60 73
16 75 53 9 46 87 82 52 21 23 97 43 47 79 29 47 24 82 77 62
68 82 38 60 84 78 32 6 36 69 61 99 88 15 23 16 75 6 49 33
30 48 59 41 55 96 80 69 43 55 51 72 82 81 58 34 72 49 85 25
99 81 29 23 14 24 40 51 58 91 15 11 36 76 32 95 16 15 78 72
52 70 71 98 9 47 65 49 16 91 11 88 94 76 71 84 11 69 18 95
72 72 75 7 11 45 37 91 31 45 23 30 36 65 2 50 97 88 83 84
57 23 81 32 14 70 13 9 84 25 82 4 61 51 37 21 60 31 78 26
92 63 78 38 59 71 37 4 97 97 94 49 64 55 59 61 97 37 32 30
5 40 73 88 7 55 69 63 79 7 36 79 8 59 82 37 61 29 62 60
57 43 54 39 10 94 60 78 11 76 74 35 22 67 91 79 54 65 25 35
75 30 14 68 16 97 71 36 67 97 13 71 45 54 80 43 46 17 39 55

215 55 142 184 295 276 35 189 128 251 142 194 332 93 388 352 395 249 456 435 
282 188 438 240 421 221 335 420 207 405 356 2 117 333 224 207 338 384 493 267 
482 422 316 153 484 166 112 157 144 221 166 189 22 390 400 258 326 237 289 298 
169 128 115 143 357 450 6 349 313 255 396 420 470 336 421 465 399 319 19 400 
296 285 404 260 233 343 20 426 237 118 490 207 374 159 157 239 338 314 279 332 
206 408 218 105 400 117 495 76 389 350 420 207 401 437 334 116 177 334 380 102 
348 38 352 175 221 137 220 309 386 373 215 210 170 410 419 278 309 468 278 19 
480 361 301 140 406 449 248 263 54 320 408 2 336 257 457 187 226 263 201 318 
59 351 171 410 276 15 403 400 195 77 97 127 420 54 225 313 266 93 447 348 
315 109 423 486 443 252 274 244 331 124 348 293 418 182 59 317 7 165 105 168 
69 381 92 200 280 180 230 254 497 174 78 95 323 121 374 187 389 202 72 69 
52 447 88 233 56 109 440 468 111 14 37 295 233 102 85 203 432 15 278 403 
259 83 25 266 456 72 65 350 470 59 78 297 336 29 234 121 239 349 489 59 
101 234 258 105 43 273 345 279 247 361 263 141 253 12 316 246 435 168 127 361 
263 364 214 486 407 69 471 390 47 82 10 25 43 182 224 121 213 404 92 349 
201 30 58 71 411 87 97 43 214 266 167 343 72 381 8 152 396 42 43 403 
321 70 309 8 421 313 187 277 75 483 112 114 257 305 371 62 320 69 495 380 
472 418 340 319 185 125 387 50 266 191 465 341 268 53 307 367 328 194 3 67 
154 298 148 223 186 412 439 139 405 24 216 154 371 456 121 235 277 326 316 421 
151 124 130 370 192 173 6 352 277 225 201 106 466 278 104 499 140 374 301 324 

427 486 157 54 495 256 295 471 57 497 190 462 32 292 264 32 464 89 133 19 
109 169 193 420 229 112 139 444 277 344 224 377 71 249 33 214 422 178 236 492 
446 261 390 343 133 277 115 44 441 403 363 275 471 120 454 181 418 412 150 253 
33 90 478 113 307 164 143 408 492 92 128 419 471 209 205 493 221 338 230 3 
321 149 235 126 300 294 429 58 348 397 6 222 32 67 170 177 161 72 78 496 
456 61 485 362 410 241 347 235 394 445 16 8 420 143 29 458 329 332 420 188 
181 291 322 87 273 489 230 439 147 175 488 428 115 31 333 147 239 457 332 72 
75 337 261 57 17 367 44 419 122 9 335 120 330 369 99 86 232 148 52 430 
346 182 207 135 152 247 378 40 350 290 49 21 405 488 449 475 78 310 244 495 
309 225 362 7 405 253 359 247 468 70 156 361 342 427 3 478 84 44 44 220 
439 379 481 383 12 34 199 116 139 179 14 384 444 101 461 276 463 344 78 380 
263 184 482 294 435 155 363 216 419 82 128 134 131 62 480 430 49 330 361 488 
374 96 493 46 374 118 331 235 172 366 497 113 106 225 28 431 465 39 363 289 
451 237 159 144 29 336 244 115 113 311 181 220 239 141 78 184 382 131 334 211 
406 485 34 485 470 97 194 195 346 16 467 439 42 370 208 231 195 111 321 324 
111 51 81 250 340 225 253 120 243 400 296 337 396 27 85 463 11 461 397 416 
41 14 436 168 256 393 440 346 379 162 346 250 400 348 276 322 23 65 209 347 
227 393 172 34 142 106 202 396 386 28 96 208 79 273 432 11 353 248 229 499 
334 354 350 111 497 18 373 167 489 225 229 486 80 120 160 108 264 233 282 378 
395 66 336 330 190 327 96 96 220 19 402 360 385 258 175 385 11 32 200 441 

317 459 10 296 31 314 152 75 129 142 89 18 339 88 476 222 450 438 277 198 
270 362 146 403 16 109 244 30 139 324 490 214 112 445 131 56 230 266 123 214 
461 493 74 355 147 172 241 282 264 435 482 262 451 244 304 78 185 190 194 284 
440 87 302 496 294 370 301 112 132 426 483 112 265 194 453 59 286 152 287 193 
475 160 164 266 171 146 489 401 372 438 281 446 452 203 43 55 494 233 139 416 
449 172 246 370 148 261 72 477 177 206 399 173 98 159 332 339 408 63 466 11 
8 469 83 172 91 495 93 417 231 73 268 377 134 132 419 121 273 11 248 253 
330 337 257 136 262 212 422 492 382 303 151 209 177 45 438 134 367 264 252 406 
375 436 305 274 336 44 309 144 378 208 438 468 449 105 495 476 180 460 401 61 
54 97 193 88 6 355 220 117 133 375 106 273 320 255 26 357 11 116 63 85 
461 376 489 172 377 243 121 136 432 99 323 426 119 101 412 463 147 492 133 413 
318 382 185 499 427 108 346 10 305 72 53 402 321 86 142 444 13 49 239 487 
13 254 63 491 449 94 177 202 115 221 245 166 389 241 335 314 42 407 52 290 
446 126 166 177 275 460 492 194 209 47 5 336 391 92 22 387 63 221 28 32 
106 155 219 68 217 340 368 365 219 25 464 244 303 163 181 145 444 37 84 240 
167 455 202 329 172 328 110 385 334 271 243 14 335 318 104 463 166 390 38 57 
34 394 87 480 197 306 251 110 311 369 207 215 246 316 155 47 292 444 412 143 
417 209 367 12 254 424 358 152 316 194 311 27 42 258 139 112 479 90 134 88 
106 214 485 28 204 152 138 451 384 135 385 323 274 160 103 338 52 49 160 316 
36 179 236 445 383 185 244 92 482 168 88 335 435 188 206 275 226 318 95 372 

33 180 2 230 364 146 432 280 374 454 25 193 302 348 250 209 248 370 205 149 
333 11 189 468 350 33 356 439 116 336 289 132 57 302 31 335 138 455 440 278 
436 62 180 297 275 412 498 467 272 70 434 430 1 27 74 430 104 35 19 221 
265 324 35 179 293 318 80 44 330 373 229 478 405 390 228 118 407 331 51 474 
386 224 360 323 321 371 219 288 484 300 379 449 493 254 182 400 166 26 398 396 
157 381 271 338 111 205 145 397 273 266 470 123 387 218 196 208 344 68 215 393 
26 454 402 58 387 65 12 398 257 450 39 340 351 477 408 271 316 294 266 353 
251 391 112 455 438 231 89 175 273 364 7 407 471 469 33 12 406 308 4 370 
159 16 59 228 207 150 387 467 157 46 207 194 199 474 31 49 174 396 222 147 
461 334 198 238 226 51 439 5 203 155 355 455 457 155 150 476 309 329 499 288 
423 455 253 489 14 383 258 367 46 321 107 229 181 39 257 363 163 436 476 237 
284 245 82 27 109 371 438 479 41 244 84 425 47 125 275 135 119 490 48 295 
27 24 323 411 382 86 300 205 111 430 63 293 102 474 97 486 92 47 493 67 
433 82 67 262 240 55 278 323 116 72 487 435 387 263 41 145 276 474 416 216 
98 68 109 423 494 23 304 158 288 142 189 90 107 389 308 486 493 259 123 484 
322 329 143 163 309 210 387 359 176 339 331 271 379 148 53 225 202 247 478 112 
213 290 317 67 68 177 421 202 185 341 250 412 442 347 237 352 350 345 182 29 
404 239 339 133 355 347 259 282 200 220 95 452 7 452 21 140 438 105 482 195 
463 431 87 79 161 425 449 235 96 294 426 275 370 330 457 281 26 234 149 80 
244 64 346 444 408 453 431 211 47 187 444 337 165 88 210 499 363 148 240 477 

254 457 256 44 368 172 135 53 288 185 487 402 105 75 39 290 141 310 427 234 
105 348 301 383 64 32 192 173 197 448 140 438 276 263 432 418 163 107 453 421 
214 385 426 314 186 300 403 467 142 234 436 234 8 221 204 228 233 243 142 219 
433 112 496 449 213 9 324 200 42 93 322 216 96 432 158 448 79 95 234 127 
221 464 368 368 256 272 123 72 87 88 379 484 94 245 485 162 184 108 453 204 
92 38 109 418 93 374 118 325 31 176 327 344 331 304 327 426 215 46 371 237 
67 128 404 6 460 64 456 468 21 411 39 337 488 105 42 331 306 299 185 184 
417 37 122 48 369 42 436 329 361 176 338 225 93 342 406 213 106 417 57 162 
175 105 7 348 13 59 399 166 241 313 164 156 83 67 187 259 361 375 402 357 
226 59 214 94 58 316 186 434 471 454 118 159 428 35 71 11 443 264 337 313 
47 464 360 256 281 419 122 92 120 33 198 207 256 379 447 46 218 115 400 313 
58 188 278 436 411 382 250 330 415 120 7 266 415 464 165 34 222 391 351 186 
315 213 388 455 209 273 108 164 318 437 91 28 279 416 423 152 425 64 294 131 
169 271 384 435 287 187 88 117 484 212 251 19 279 69 57 263 182 314 150 106 
17 291 77 489 387 475 238 253 360 406 64 134 180 48 18 22 333 381 191 63 
340 272 45 391 6 436 70 147 256 149 363 256 245 113 351 62 66 124 450 25 
33 446 346 282 173 406 374 468 382 249 429 181 228 41 89 119 173 398 168 133 
80 429 267 75 333 450 158 172 481 26 254 455 193 48 447 170 383 128 493 200 
242 356 239 14 260 364 318 205 180 7 304 133 335 231 375 367 447 496 319 380 
94 454 421 324 46 393 395 8 16 13 349 14 94 195 167 114 207 217 54 150 

66 117 423 286 70 281 223 359 338 334 338 275 155 401 177 161 54 473 277 223 
178 191 437 445 458 307 197 338 101 133 121 386 44 277 24 274 497 447 85 238 
68 192 187 190 10 204 10 133 127 363 416 162 418 211 498 285 362 343 25 4 
290 88 124 340 59 12 418 79 121 409 98 197 201 288 264 413 132 124 435 232 
290 256 74 280 71 282 25 304 70 344 338 309 388 68 228 368 162 332 85 195 
98 417 381 240 160 267 260 132 359 109 168 450 20 362 19 138 198 62 136 27 
328 102 179 61 194 69 150 447 479 123 397 25 205 221 457 283 59 473 134 361 
234 236 365 186 265 69 473 124 145 490 178 306 385 163 104 258 324 459 81 321 
34 86 332 226 192 246 309 264 93 343 228 208 334 419 457 70 128 426 225 292 
53 483 58 159 286 388 498 356 330 99 87 485 192 71 357 415 345 239 96 250 
48 68 156 374 194 296 178 106 280 273 381 15 441 402 292 464 266 269 472 392 
236 202 297 381 429 185 30 403 283 384 320 83 10 125 256 151 370 459 461 123 
1 90 477 135 190 357 447 305 225 337 76 150 34 224 156 46 295 454 479 251 
368 296 196 24 263 104 373 46 426 221 296 75 53 327 194 29 420 498 235 428 
156 4 251 215 221 19 73 333 273 131 489 189 355 273 227 224 138 6 304 314 
8 118 273 337 336 110 39 199 398 107 495 211 32 31 27 96 12 27 276 70 
235 199 387 306 259 484 463 25 496 254 484 163 370 287 413 449 384 40 326 344 
399 242 103 494 391 383 80 308 444 291 172 375 169 11 494 82 288 184 290 258 
423 324 96 333 76 449 328 366 70 176 119 36 408 50 437 354 74 291 377 94 
445 203 165 47 146 117 361 355 436 107 239 413 316 464 453 102 417 165 337 292 

348 404 165 385 24 57 156 35 279 116 232 34 36 274 202 128 282 109 278 291 
381 289 452 40 478 251 452 491 296 140 76 89 269 286 325 51 26 135 41 416 
303 57 409 160 246 453 198 143 424 293 45 69 297 225 364 13 272 264 317 337 
434 307 306 350 84 240 248 183 237 331 480 205 404 341 436 388 351 99 155 348 
98 58 387 158 306 371 375 293 372 435 128 44 222 474 194 457 108 194 202 131 
413 306 41 65 331 482 225 467 153 131 176 120 474 47 188 453 111 190 275 151 
457 371 165 311 87 110 250 424 343 357 289 156 121 200 226 27 465 413 494 462 
473 193 497 17 418 208 78 177 38 95 171 469 149 453 262 246 325 115 20 375 
170 74 392 49 284 498 48 243 258 437 114 3 351 41 133 198 34 51 198 276 
262 442 410 19 347 125 59 165 40 120 250 459 79 203 360 456 400 287 213 236 
22 246 197 467 355 254 341 47 174 155 448 193 224 418 312 331 386 212 425 350 
462 197 496 394 208 260 66 176 381 449 161 421 353 483 303 159 100 240 227 242 
499 58 412 89 20 121 406 42 93 387 35 437 285 418 409 25 405 147 359 396 
430 212 76 143 221 215 297 39 115 391 422 423 342 359 17 354 229 339 359 185 
275 438 45 136 354 63 416 296 46 488 372 405 308 319 412 257 364 9 200 239 
117 478 187 313 286 371 65 201 199 466 63 152 15 377 169 205 376 436 438 111 
317 300 381 130 114 85 497 1 355 177 73 448 318 252 48 188 113 79 239 159 
272 39 76 388 273 280 170 45 495 453 9 468 125 444 163 181 271 113 130 132 
325 249 58 268 314 17 81 138 350 43 498 370 61 128 413 204 295 410 362 174 
32 154 403 220 499 426 332 116 206 284 421 322 7 462 6 325 315 410 66 196 

123 134 383 332 432 396 348 264 103 118 167 110 434 200 122 137 293 256 153 292 
85 158 42 128 362 78 379 347 267 401 180 238 60 192 218 389 293 265 120 298 
71 207 67 105 68 79 321 433 190 54 3 418 237 211 450 288 412 308 148 450 
243 86 424 480 14 161 358 350 32 286 30 425 30 207 24 78 258 236 272 453 
337 295 217 350 166 327 18 163 223 442 109 225 433 216 389 295 432 343 341 26 
170 36 39 348 429 109 113 26 461 203 168 468 114 44 207 291 149 8 21 125 
321 497 466 143 112 183 239 323 279 322 460 13 159 331 232 171 486 93 458 268 
127 22 477 276 218 109 339 196 176 251 27 298 469 445 318 345 217 361 359 400 
476 348 317 306 155 287 351 442 413 6 273 352 397 398 293 28 242 229 210 313 
174 354 217 272 399 123 232 324 10 429 235 220 326 243 433 178 232 498 306 497 
53 59 214 376 475 234 105 414 350 359 151 246 423 147 323 357 377 42 80 91 
30 363 423 267 367 41 432 460 445 1 9 330 476 216 366 329 74 48 37 104 
356 201 470 94 433 338 20 281 97 54 65 298 321 4 491 149 257 196 195 34 
300 47 64 430 327 166 147 278 289 352 134 468 334 115 299 475 186 466 205 30 
193 354 343 198 361 179 33 334 78 391 45 376 145 464 145 66 225 19 261 239 
243 157 466 14 481 34 293 499 119 104 479 238 451 61 5 259 72 172 69 153 
228 5 321 175 328 339 438 497 175 42 332 322 130 53 290 32 390 148 234 26 
68 86 447 247 52 314 439 16 22 151 183 61 143 331 231 404 190 35 105 435 
264 160 424 26 205 355 102 343 241 369 428 410 130 471 164 430 409 240 393 57 
25 249 367 195 171 391 238 101 193 86 233 49 351 419 112 297 315 452 312 123 

14 25 360 262 230 431 434 419 107 451 290 114 335 173 13 222 350 363 166 167 
407 60 213 176 334 332 80 133 209 104 393 63 181 67 57 408 146 426 35 388 
393 414 97 296 195 78 154 423 480 76 136 452 313 403 191 29 162 63 304 483 
430 430 2 55 44 415 235 380 386 141 48 463 330 70 357 458 170 36 402 131 
29 237 248 129 40 342 400 289 395 191 430 418 147 87 54 441 475 211 429 242 
496 492 96 56 287 181 392 366 220 389 323 403 341 136 62 448 221 343 380 460 
291 428 472 167 321 9 391 337 33 462 79 258 413 272 35 384 82 141 359 196 
45 214 71 153 9 109 385 241 56 384 316 403 51 203 139 330 230 261 2 484 
423 264 179 389 435 174 81 119 78 278 229 185 215 458 377 282 495 430 479 283 
145 102 297 181 250 222 253 338 105 479 64 228 313 491 288 265 257 136 450 118 
174 461 364 400 308 149 203 259 369 427 204 393 190 378 196 57 297 161 374 242 
244 137 260 266 457 24 469 389 241 238 367 72 316 219 251 498 285 224 336 119 
437 159 353 281 301 30 393 338 89 440 306 493 53 189 163 210 130 409 254 344 
119 83 250 112 259 144 111 477 27 380 205 3 413 470 191 154 468 118 347 445 
117 352 294 493 212 120 192 204 389 189 287 74 307 361 321 423 486 18 334 284 
55 78 241 474 366 235 117 397 352 346 29 305 72 465 498 455 452 148 406 480 
324 214 192 368 388 209 227 213 410 360 87 36 496 330 336 121 426 113 270 292 
69 116 478 356 91 268 243 90 205 220 219 315 497 169 475 385 133 64 111 353 
346 198 314 455 499 216 463 165 134 347 228 165 91 297 109 366 75 475 240 275 
153 262 384 464 352 81 197 150 89 43 64 283 129 7 326 263 105 200 216 315 

336 65 250 267 427 307 384 187 493 327 235 343 9 161 440 242 324 306 261 9 
403 148 347 469 75 419 352 188 32 121 395 336 469 192 56 282 461 423 247 65 
75 12 315 270 146 84 305 298 35 247 253 180 156 118 323 305 188 268 50 116 
315 332 3 378 163 281 136 375 270 295 308 258 121 234 216 399 38 312 408 15 
230 289 357 482 237 480 80 346 343 308 428 494 384 5 466 48 339 135 37 345 
379 121 205 77 293 494 131 422 385 157 441 349 392 309 493 312 18 120 151 28 
238 98 103 449 413 234 119 85 160 473 469 304 490 36 144 190 39 241 131 99 
462 178 486 313 337 85 269 79 493 69 71 241 1 133 39 490 25 358 408 331 
390 280 299 492 89 429 87 419 350 55 428 252 418 213 187 418 74 281 250 484 
7 372 83 349 396 218 93 358 459 499 221 278 279 20 478 450 320 155 386 346 
456 3 280 371 76 499 288 269 160 470 486 110 404 63 20 109 400 21 394 172 
54 181 364 470 457 438 178 45 262 74 413 388 287 101 106 6 234 479 395 285 
115 414 132 47 204 418 218 24 445 471 369 104 145 202 440 497 375 336 494 397 
308 59 219 209 195 298 172 176 217 218 321 187 469 431 19 211 318 53 253 329 
423 488 32 112 356 335 32 447 6 300 355 405 195 18 239 275 109 474 232 489 
74 366 454 9 239 174 25 108 422 32 47 227 60 245 382 128 141 71 426 134 
295 78 421 306 200 334 354 242 358 375 373 403 368 160 319 460 491 325 177 48 
487 44 267 351 368 275 235 221 437 348 479 16 266 149 90 265 253 307 343 273 
82 87 191 88 456 340 158 388 390 149 83 216 266 144 125 461 14 123 176 93 
442 91 322 314 285 289 319 423 21 416 230 478 281 186 369 128 347 347 199 178 

270 130 403 381 1 396 114 138 36 243 232 370 47 302 47 62 349 271 345 62 
236 482 372 89 295 367 410 59 227 354 160 418 77 440 499 447 13 427 93 32 
430 232 471 491 285 138 121 115 249 133 114 416 50 268 74 466 362 186 358 302 
32 248 118 303 191 83 124 345 354 222 280 136 434 462 455 43 76 56 108 120 
52 161 145 387 431 41 455 220 217 267 119 38 422 456 398 231 257 404 469 141 
485 177 389 319 220 213 103 67 475 406 289 103 273 355 364 60 15 106 99 297 
309 117 438 63 68 464 23 460 182 326 87 11 155 163 441 215 182 384 157 224 
17 20 498 166 164 423 43 261 188 435 481 31 1 383 157 5 387 428 457 378 
28 74 57 424 338 65 91 485 241 304 453 38 346 107 104 306 356 359 133 61 
41 189 403 22 46 349 207 368 491 435 432 326 344 27 390 330 63 265 387 305 
369 84 123 221 13 162 323 299 346 43 90 412 111 103 460 295 350 285 344 148 
63 334 233 238 332 26 334 16 99 13 461 159 21 43 120 236 42 451 211 110 
487 12 233 387 45 300 186 421 489 103 480 188 187 157 335 220 270 140 187 8 
65 164 197 275 493 142 454 205 225 347 57 77 489 405 321 102 271 62 467 408 
137 362 55 306 343 61 445 100 447 168 81 451 80 375 97 207 261 391 281 103 
292 181 342 353 382 184 265 62 49 285 371 473 136 43 289 196 201 21 376 187 
47 435 194 299 218 439 102 367 235 17 367 193 378 244 476 68 99 142 154 186 
314 56 230 380 136 43 50 34 375 68 399 16 192 307 340 406 245 472 199 226 
453 488 23 212 18 328 473 104 230 195 112 362 252 124 292 276 380 318 392 301 
14 104 78 423 204 412 430 306 233 470 446 32 98 454 235 390 328 27 330 49 

11 42 315 252 301 14 15 143 371 281 32 431 325 189 136 269 499 260 489 106 
357 9 14 141 28 212 451 333 356 226 475 190 81 237 473 6 99 6 293 463 
156 91 207 192 364 376 204 131 163 93 243 319 140 228 223 129 347 465 158 87 
351 237 243 475 438 300 391 181 469 401 336 464 34 303 75 108 106 225 69 432 
61 39 387 285 81 456 213 161 210 362 477 282 346 328 151 298 394 433 7 57 
355 77 389 249 337 393 114 174 317 315 117 15 389 245 100 438 121 342 2 51 
15 81 141 55 210 155 97 62 40 249 387 151 16 61 312 243 163 320 218 186 
80 96 333 272 395 213 254 431 156 463 368 153 129 86 48 386 52 205 366 20 
347 110 222 26 387 220 210 161 191 346 75 314 225 141 134 146 46 378 202 498 
59 38 424 278 91 17 210 66 302 492 475 194 109 423 375 65 186 375 153 212 
259 382 8 245 127 290 240 303 403 7 342 422 317 366 242 462 439 144 478 267 
226 12 389 119 62 28 302 416 104 64 268 263 264 433 14 390 361 206 476 379 
16 183 273 27 89 197 131 475 473 319 445 50 75 133 255 158 138 217 262 492 
191 159 440 332 179 310 44 33 87 478 472 107 297 455 22 103 15 67 142 165 
393 428 52 282 55 293 279 133 490 432 194 147 177 205 2 271 429 476 12 112 
98 74 496 93 264 237 71 298 349 246 46 45 415 440 384 218 137 255 315 102 
356 1 142 490 199 264 10 181 211 194 251 420 217 263 53 190 251 318 187 43 
487 84 440 54 74 221 142 107 153 370 376 471 54 310 37 284 156 394 348 421 
325 77 286 479 383 85 187 159 153 484 22 401 332 254 272 368 75 323 323 316 
186 187 395 66 364 441 403 262 31 203 49 98 87 17 301 378 189 217 484 204 

453 184 488 188 475 487 49 236 378 83 457 494 88 396 102 301 113 256 309 310 
153 423 5 122 340 63 400 81 360 349 258 344 83 145 496 175 181 149 436 499 
131 376 130 345 428 187 332 70 185 281 351 457 183 114 182 150 40 327 372 369 
183 462 38 304 178 160 113 473 179 46 44 178 442 148 438 490 76 296 490 228 
254 106 453 494 113 223 224 22 26 75 166 166 446 332 256 490 147 466 481 17 
249 486 102 292 101 273 222 387 245 424 83 316 452 315 13 271 50 298 400 84 
214 207 352 375 16 356 105 110 443 82 307 432 158 485 366 399 193 351 102 207 
362 106 451 474 82 240 208 338 276 206 267 237 76 278 239 410 209 176 5 281 
230 486 350 359 291 175 84 436 367 135 250 461 332 198 481 397 241 10 32 344 
62 257 82 80 335 67 240 126 485 343 49 67 132 42 219 165 484 253 493 136 
163 89 307 187 385 485 309 164 38 493 178 227 281 327 403 455 231 5 447 476 
73 365 44 390 480 413 110 402 345 382 101 115 489 2 331 444 374 408 264 56 
466 318 194 321 334 240 160 174 260 164 308 230 234 395 180 465 461 334 47 469 
86 297 114 294 366 100 446 396 439 17 158 203 138 456 293 348 372 483 266 125 
446 335 429 460 129 272 402 77 64 231 112 59 391 140 174 115 406 408 221 10 
382 62 71 496 279 248 438 408 464 131 139 437 399 23 374 237 299 96 370 23 
467 424 321 160 150 452 249 125 391 137 329 483 419 212 8 129 391 361 75 76 
182 108 329 320 1 58 467 25 381 261 202 51 75 167 285 111 485 241 391 313 
480 360 366 230 439 156 301 488 462 423 339 437 69 462 389 369 227 83 47 284 
424 100 407 229 67 262 439 391 18 424 373 191 291 108 216 134 382 105 175 424 

12 397 9 279 60 91 102 478 45 414 451 187 477 361 110 22 39 263 148 70 
205 74 70 486 201 335 103 227 182 173 208 300 489 256 263 498 14 428 218 313 
24 391 52 246 45 220 328 168 109 389 217 293 188 148 94 431 494 86 75 47 
57 79 294 382 228 485 314 260 165 134 226 451 79 486 494 443 182 447 149 314 
246 225 416 438 155 175 41 355 273 399 324 382 150 437 190 153 152 41 383 363 
299 406 295 267 328 335 230 36 52 208 322 352 241 443 451 362 253 168 386 432 
213 19 236 414 188 280 438 274 302 108 99 35 272 390 324 28 291 322 472 131 
361 40 14 145 383 467 163 165 396 195 338 268 60 65 439 226 255 127 414 113 
28 436 160 62 468 135 168 268 454 314 285 238 387 146 284 492 317 146 191 290 
250 383 415 460 395 283 377 288 473 104 358 270 187 197 106 406 11 453 120 117 
240 36 467 371 437 467 347 353 407 327 266 358 350 204 439 238 166 54 174 256 
417 317 172 495 106 401 87 82 480 116 337 492 128 335 325 2 126 484 149 293 
213 168 363 400 427 32 275 240 21 32 376 168 41 362 121 261 279 380 79 425 
324 248 80 254 224 40 490 276 24 373 326 434 355 429 478 8 434 182 437 327 
131 101 294 257 87 295 140 457 93 352 265 55 160 471 226 256 138 354 365 402 
412 22 409 235 400 495 23 239 331 8 165 40 435 481 119 449 447 198 382 245 
221 404 157 8 153 118 146 159 224 445 421 215 11 82 463 222 267 367 492 13 
446 330 143 389 4 357 60 90 264 126 227 344 92 424 23 113 110 309 267 478 
267 135 219 129 243 28 380 108 384 172 243 293 312 186 108 162 464 450 311 454 
265 351 230 11 336 80 297 183 358 355 126 229 442 464 202 24 248 397 403 57 

376 310 489 99 203 80 101 4 287 160 80 329 437 465 486 492 341 85 453 200 
14 426 446 364 314 369 479 282 282 157 296 94 276 204 192 404 249 134 4 337 
160 56 75 402 235 485 269 54 141 178 68 447 301 181 30 47 255 106 99 217 
398 111 247 335 437 370 406 110 354 6 470 257 18 3 451 208 495 126 212 388 
322 164 169 240 39 175 374 66 169 58 233 108 193 97 385 164 77 381 123 121 
69 261 30 32 474 372 369 361 349 370 228 25 85 296 244 355 373 447 301 369 
262 218 332 9 204 133 218 85 499 108 58 50 346 45 312 82 31 232 143 143 
211 477 280 297 62 261 79 64 448 387 426 246 34 255 343 397 429 243 85 16 
47 195 331 124 482 198 481 341 468 358 366 293 364 407 370 424 38 86 306 89 
172 230 349 436 287 412 225 76 333 169 448 466 499 120 344 378 229 287 326 158 
377 236 352 392 123 285 213 308 274 416 383 460 463 377 454 159 80 193 286 290 
134 211 146 78 374 209 282 207 129 170 187 454 164 250 103 405 341 253 115 238 
40 127 394 426 104 383 257 375 494 356 320 299 365 269 204 64 326 253 320 44 
48 325 491 435 428 113 368 289 438 246 222 110 402 453 283 372 315 203 2 54 
246 2 408 33 72 324 441 171 103 448 124 223 258 317 104 466 10 17 385 61 
497 453 416 217 259 89 168 424 151 334 58 128 495 335 190 382 286 6 346 261 
105 182 99 214 311 429 79 103 117 240 182 15 86 274 71 164 28 493 351 133 
388 132 274 425 458 126 370 136 2 72 259 128 382 264 238 121 252 105 443 297 
266 266 342 474 306 199 350 94 259 219 80 132 31 399 241 235 305 491 135 104 
94 188 190 338 136 321 490 207 109 141 114 434 316 117 279 81 269 373 353 97 

254 403 243 264 145 210 305 318 129 6 466 424 262 273 245 448 122 138 435 232 
113 2 47 221 475 185 217 188 123 103 228 77 169 236 35 263 386 212 155 479 
91 55 352 76 140 199 489 141 111 148 407 129 125 229 264 209 294 286 14 280 
378 327 248 163 69 314 22 270 326 262 415 227 140 176 128 245 171 24 266 152 
115 71 298 301 471 463 451 215 440 451 264 436 387 13 428 467 302 481 478 63 
458 472 287 335 454 383 433 343 398 348 195 154 88 36 455 352 352 335 117 69 
248 32 8 114 45 283 162 265 15 247 391 135 160 221 242 285 238 134 441 448 
275 395 12 248 2 13 386 223 54 221 379 475 179 440 30 271 458 462 169 12 
62 27 72 394 326 258 146 300 267 244 87 376 385 438 29 176 374 426 162 109 
47 94 486 117 369 341 46 136 426 311 406 317 445 201 241 121 125 136 102 366 
125 351 242 178 487 86 369 5 414 156 268 491 307 87 122 363 38 352 315 118 
63 319 61 142 168 258 229 302 378 219 30 348 438 376 283 400 364 254 499 138 
464 489 480 242 434 95 321 346 201 26 254 112 379 484 233 269 458 18 195 21 
239 353 71 121 331 429 476 40 465 437 419 173 97 285 366 25 100 394 277 376 
212 222 417 368 185 419 126 240 24 146 105 115 93 406 148 221 199 319 311 342 
175 245 434 455 99 497 53 34 259 131 494 352 185 189 84 19 393 475 149 359 
156 77 164 479 448 184 191 316 72 101 305 83 22 154 119 369 374 36 72 491 
287 165 10 16 225 129 6 466 271 206 373 323 420 191 302 395 191 118 251 299 
6 178 287 396 428 366 30 356 57 309 105 387 189 245 439 342 338 331 485 384 
161 239 370 321 59 388 209 140 455 101 248 122 296 494 279 97 79 421 227 224 

255 436 271 278 65 295 143 141 153 314 110 428 439 296 367 494 231 408 366 212 
36 431 274 171 9 272 46 218 354 165 459 307 244 487 466 46 411 338 189 376 
463 143 110 130 7 77 218 424 471 38 83 5 387 175 183 92 161 345 296 162 
164 396 398 168 375 1 43 291 424 10 345 55 205 186 97 467 463 246 70 422 
384 218 285 278 310 396 57 246 30 206 208 259 151 182 412 118 83 136 256 214 
80 366 166 203 329 12 302 311 343 72 199 395 106 437 382 96 314 439 143 340 
141 157 150 452 254 79 302 432 222 355 483 478 88 59 95 487 248 464 312 487 
122 181 342 401 108 85 228 234 397 372 306 474 330 168 385 145 353 450 98 375 
79 399 70 203 353 484 20 311 461 151 378 212 394 151 361 271 489 141 356 3 
477 66 443 386 20 118 84 281 72 43 114 154 478 477 327 471 332 300 151 254 
438 53 34 100 253 92 150 298 305 441 292 165 59 423 364 377 15 166 387 495 
464 198 205 252 318 325 11 222 189 112 61 376 5 385 490 48 261 451 16 404 
361 273 325 371 489 47 110 52 304 370 108 340 200 351 278 427 270 38 334 350 
428 251 41 148 55 11 496 273 261 224 81 414 450 353 48 368 259 225 152 79 
140 192 231 430 264 370 261 311 499 43 109 34 199 298 286 414 368 380 185 60 
237 473 185 8 360 104 178 267 369 297 493 284 323 392 389 499 427 65 144 438 
158 266 311 2 244 279 395 499 404 324 392 283 64 4 119 136 361 216 219 23 
168 167 203 49 40 24 135 327 310 162 347 25 59 361 316 450 477 365 130 154 
105 197 101 46 380 113 451 160 459 463 150 340 323 261 403 69 87 389 37 33 
54 282 300 247 35 174 410 162 195 19 186 246 128 45 50 85 395 82 206 65 

400 15 447 283 329 188 474 245 206 318 470 274 325 338 395 128 409 322 408 254 
363 152 339 188 295 108 134 211 25 194 236 267 317 271 392 441 282 85 99 271 
233 426 272 408 170 95 491 294 54 292 240 377 402 121 445 343 52 117 49 137 
96 482 354 29 3 116 104 136 22 151 94 38 285 210 474 3 329 3 120 442 
64 467 497 313 232 339 60 412 407 432 237 296 450 82 413 93 467 354 227 144 
72 255 87 344 383 353 200 92 311 288 469 305 410 393 486 220 466 224 25 233 
226 8 133 270 364 478 475 305 286 463 168 21 249 29 338 18 259 308 369 308 
332 276 405 41 210 267 283 340 133 426 63 36 466 471 258 322 489 57 426 193 
212 81 91 319 65 52 471 130 170 110 179 104 311 290 32 240 7 274 178 21 
430 184 313 81 338 42 248 177 263 477 424 332 338 81 160 417 238 18 394 121 
130 169 164 214 232 97 55 368 225 463 356 427 164 8 34 349 406 446 283 459 
25 67 350 8 11 345 321 299 233 224 96 392 87 295 343 207 270 339 75 475 
498 153 269 10 84 220 321 389 373 37 49 316 239 204 236 167 461 147 97 319 
239 443 344 215 31 73 351 404 179 437 65 395 482 196 140 315 357 37 323 214 
435 469 349 449 2 304 385 459 324 293 361 93 128 37 246 311 257 335 108 243 
76 475 185 326 38 254 249 12 112 295 184 77 437 313 65 435 384 458 58 274 
225 9 280 217 127 15 125 286 312 449 180 306 395 217 465 366 101 101 198 355 
205 483 443 414 411 126 5 473 449 228 254 51 355 113 292 2 191 377 227 137 
314 167 347 213 219 356 107 447 346 56 107 142 353 383 177 333 401 297 400 23 
327 55 476 92 321 38 394 26 346 438 170 27 109 212 171 415 84 4 214 263 

97 460 383 368 46 57 477 410 316 478 459 302 360 266 90 159 142 194 268 64 
479 122 434 245 120 309 396 425 375 93 398 289 154 384 255 445 311 76 430 341 
226 113 493 44 33 90 70 394 218 119 74 430 91 248 55 372 28 13 61 472 
118 88 3 94 310 467 98 21 374 8 81 33 332 399 291 336 6 247 206 460 
43 384 104 433 115 381 127 430 319 276 401 166 195 26 390 426 131 431 389 335 
166 63 193 154 365 475 457 340 412 459 495 422 488 184 44 118 65 422 17 417 
83 71 46 372 68 238 27 137 75 288 301 54 331 311 321 124 486 94 96 3 
139 45 130 241 259 104 97 100 239 216 374 326 329 90 490 131 377 402 50 423 
194 42 180 75 35 7 396 29 444 85 315 254 59 277 90 105 49 342 440 108 
383 412 14 431 187 121 418 261 214 238 412 318 176 481 369 93 148 418 404 78 
384 89 378 488 433 153 250 471 200 168 339 450 177 420 291 31 267 195 252 392 
117 385 238 146 400 409 147 178 159 360 372 436 173 372 464 14 12 116 143 194 
428 288 442 382 347 337 374 217 166 324 300 84 303 228 36 219 9 29 350 238 
58 24 286 72 305 486 431 321 354 133 146 222 88 315 170 126 474 51 131 414 
484 7 21 349 288 373 84 174 72 477 208 3 346 285 299 99 491 349 34 349 
444 362 243 281 89 23 316 111 112 112 430 311 243 293 374 152 135 315 3 359 
336 366 445 432 37 79 121 73 179 158 209 179 456 175 17 304 221 21 51 204 
399 134 492 403 63 298 498 26 343 427 369 447 248 284 110 115 193 187 37 460 
313 304 400 29 173 277 67 451 25 225 63 97 109 91 74 359 321 162 41 420 
319 488 237 409 305 220 93 285 204 139 318 102 328 447 234 327 16 163 133 166 

209 218 405 470 106 413 228 59 20 84 387 184 371 206 406 112 158 29 328 231 
23 439 153 390 330 13 422 228 335 320 248 167 202 43 236 113 262 279 236 377 
161 179 172 434 120 309 51 123 34 263 466 418 449 463 63 25 152 389 214 363 
398 148 18 60 392 431 199 341 459 183 188 28 130 168 85 468 24 153 225 102 
286 483 356 423 30 243 32 203 294 272 278 116 347 477 158 326 20 257 444 333 
236 222 90 438 124 402 478 496 378 121 475 409 455 434 68 166 238 69 446 401 
486 447 429 387 78 148 358 134 431 382 426 69 201 294 343 220 366 393 146 417 
185 24 57 233 94 227 101 150 126 64 55 106 143 122 332 111 373 209 57 261 
230 212 174 45 19 249 373 370 300 198 348 323 303 497 91 306 347 431 178 331 
246 403 322 73 12 355 342 52 199 175 49 385 317 406 463 495 469 96 101 181 
367 128 218 103 143 420 497 485 405 450 215 117 295 494 200 15 96 187 28 24 
268 353 301 311 382 279 192 475 336 193 169 454 20 134 183 460 1 387 287 406 
6 251 457 137 181 86 152 83 344 292 65 124 481 435 116 309 23 493 120 125 
213 131 310 184 341 459 243 309 183 84 147 90 202 225 455 34 410 107 226 422 
168 131 348 378 102 33 305 451 165 98 136 238 180 398 178 4 477 423 102 73 
482 403 94 127 437 122 380 484 378 106 238 428 336 83 478 266 215 243 328 407 
496 342 141 146 338 491 200 42 100 464 373 168 309 431 118 219 337 147 10 271 
204 142 420 128 455 355 242 258 173 18 459 421 353 387 489 493 107 416 77 420 
168 470 341 54 331 415 33 33 293 231 389 174 499 256 22 252 441 322 2 447 
297 452 457 453 475 58 284 433 123 56 381 374 488 55 128 402 178 187 412 342 