10 10
9 58 75 23 91 63 99 37 28 75
82 72 4 81 76 73 39 20 73 61
45 44 48 4 52 99 23 49 36 68
86 59 1 83 72 49 62 91 15 80
8 35 41 16 18 90 16 86 46 71
97 63 16 91 45 25 87 79 71 22
21 36 46 70 47 13 15 33 6 39
38 25 68 92 25 10 80 56 32 77
24 32 66 69 52 46 74 62 50 25
77 4 93 2 85 45 65 39 43 74

11 400 490 182 33 300 179 58 242 72 
270 17 247 349 479 381 183 138 458 468 
492 422 196 377 329 132 327 317 99 165 
297 256 440 240 187 322 357 17 105 424 
332 177 212 237 249 83 294 443 15 302 
203 428 34 54 104 144 359 47 307 159 
85 118 95 335 325 379 167 414 310 125 
472 309 308 220 370 99 409 293 296 138 
292 302 330 435 432 246 210 385 401 226 
399 59 348 490 15 333 487 227 11 69 

200 414 413 359 289 405 394 393 382 116 
231 241 63 274 409 284 153 245 491 112 
56 108 490 75 349 187 443 477 8 403 
151 68 202 472 35 42 203 12 331 31 
72 496 87 498 152 187 135 369 84 12 
301 135 350 137 391 162 354 306 123 465 
160 131 448 137 176 118 281 132 83 215 
376 278 4 474 84 6 111 72 319 209 
76 82 406 445 64 300 17 73 26 102 
164 240 408 192 90 327 321 330 364 200 

283 370 283 224 106 361 375 190 362 451 
243 144 262 27 123 249 265 395 309 154 
21 130 387 496 382 241 232 405 420 127 
470 106 265 63 115 410 312 206 356 385 
430 334 492 225 369 156 274 342 69 298 
166 423 286 51 434 33 38 298 336 96 
468 247 152 475 262 33 373 261 272 486 
319 107 439 342 261 489 253 367 367 103 
348 52 487 435 443 233 159 306 229 235 
334 384 367 304 373 249 216 114 469 211 

246 123 393 37 255 425 195 374 35 454 
397 63 197 102 285 113 303 495 190 236 
134 48 369 13 385 473 455 21 129 27 
476 281 361 261 83 364 378 240 478 436 
165 448 92 268 390 423 168 301 252 17 
419 14 480 72 382 51 96 60 76 485 
487 395 29 148 335 490 33 73 404 260 
246 235 90 389 261 222 275 204 436 162 
105 266 427 317 173 65 134 23 275 314 
138 260 58 49 438 490 207 195 319 114 

294 132 130 80 30 249 48 384 245 455 
43 151 160 7 241 39 381 99 499 302 
472 411 452 250 274 467 153 313 252 282 
251 410 13 448 443 242 150 258 125 254 
191 198 29 470 184 403 343 405 306 288 
190 206 23 443 176 114 419 381 497 248 
123 206 494 338 81 303 497 309 251 34 
252 91 433 484 13 232 399 362 304 185 
312 386 457 293 435 245 117 325 343 18 
145 129 188 384 10 15 125 171 242 484 

237 432 127 308 174 132 371 460 169 36 
419 236 403 178 98 31 148 300 489 441 
300 8 176 394 343 232 192 481 401 123 
356 297 346 360 389 97 7 10 492 496 
433 88 395 425 362 496 484 266 113 220 
280 424 15 224 288 138 209 352 298 212 
365 328 44 177 438 470 492 27 96 295 
454 355 175 37 55 180 361 347 418 451 
438 2 441 299 184 11 319 398 214 270 
401 190 46 70 239 168 367 495 417 146 

372 195 102 340 44 358 497 245 127 257 
49 158 154 364 66 311 373 141 74 463 
27 83 240 215 44 102 338 9 383 477 
313 40 13 165 115 23 49 291 1 135 
61 19 43 351 270 156 462 68 418 451 
55 474 348 74 6 465 393 216 346 434 
151 389 81 374 15 14 182 298 365 82 
288 96 454 232 72 193 80 434 166 234 
40 372 411 70 57 354 329 396 249 95 
285 188 96 149 125 357 471 437 223 154 

490 30 209 416 147 102 441 56 109 304 
178 2 209 410 333 65 241 448 368 344 
384 98 92 42 228 141 393 87 24 491 
56 66 34 337 101 14 363 139 379 113 
458 245 29 278 127 135 207 305 379 191 
17 387 200 82 308 423 34 222 1 213 
457 125 292 352 136 242 448 254 474 417 
11 207 255 293 4 113 120 83 25 462 
316 25 48 381 343 236 227 286 132 88 
70 418 75 77 144 149 198 317 315 83 

176 258 334 197 106 105 312 286 141 460 
95 454 240 303 60 441 160 103 306 280 
373 73 82 498 182 78 399 44 100 127 
94 72 172 404 286 383 386 483 471 88 
428 314 405 173 214 217 442 5 460 305 
316 139 142 68 357 414 196 21 22 248 
233 430 130 127 409 216 400 65 93 92 
85 370 417 452 389 453 185 485 302 296 
59 49 339 42 249 99 62 74 447 352 
452 314 366 285 304 12 233 111 234 233 

110 278 472 141 187 291 403 492 359 471 
54 122 437 195 22 354 137 487 421 458 
12 355 124 302 296 499 451 127 47 26 
222 247 201 166 93 77 152 310 338 91 
113 183 497 297 326 150 401 375 386 250 
43 275 229 268 336 473 108 188 61 311 
7 252 122 362 444 115 16 430 499 341 
85 274 25 105 435 52 271 161 30 87 
443 417 464 338 360 455 498 153 192 225 
494 6 282 74 102 497 98 216 31 89 