20 20
15 49 12 98 15 10 98 85 47 5 98 49 78 28 9 49 63 4 22 92
70 27 77 94 91 92 28 76 50 59 69 15 92 94 41 45 67 53 19 4
6 13 47 21 59 30 92 75 69 27 61 73 46 30 11 64 1 7 13 37
33 67 28 87 88 54 80 36 9 24 76 47 90 72 10 97 83 72 96 92
47 83 77 73 8 41 9 97 92 8 86 64 9 49 98 22 58 46 2 64
19 17 39 26 64 77 17 74 16 77 56 89 14 87 96 82 27 34 91 61
60 32 14 57 83 21 37 69 85 30 89 29 90 42 62 87 1 72 73 32
87 27 93 47 91 84 90 10 2 47 77 75 66 13 83 27 21 4 42 18
55 78 26 91 73 26 55 54 29 24 94 51 1 58 36 79 98 8 56 26
36 96 52 2 42 54 69 59 33 25 32 36 43 83 74 76 87 54 21 88
97 65 57 11 80 29 41 89 53 33 57 52 92 39 28 78 80 87 48 24
49 64 28 35 92 12 19 13 61 72 12 77 23 8 64 13 24 15 19 49
2 36 21 40 20 82 56 47 2 83 25 99 7 46 5 59 96 55 91 41
10 84 72 6 65 81 7 77 72 27 82 21 92 74 96 19 61 16 33 71
72 82 80 89 65 84 40 11 60 10 12 8 85 19 2 68 7 87 22 10
7 17 85 48 5 72 45 26 65 30 63 81 51 26 72 18 28 31 61 94
83 7 63 38 8 33 90 50 73 5 29 63 81 95 53 39 23 85 79 51
72 96 17 26 29 49 53 18 2 69 80 69 42 67 31 99 62 38 25 75
61 89 44 93 60 34 46 97 67 86 13 59 77 40 88 17 17 78 18 96
88 21 86 25 19 65 12 20 61 92 53 87 13 40 71 43 43 44 26 57

955 960 832 573 742 743 777 632 955 501 788 838 657 862 639 624 675 790 835 598 
726 549 851 574 991 561 529 700 750 789 907 755 660 915 832 719 763 596 558 533 
668 808 946 918 866 537 930 735 941 748 796 847 553 846 508 846 679 579 702 695 
986 952 599 595 575 993 722 933 509 823 598 895 637 934 806 839 762 948 913 884 
770 817 519 643 600 945 908 730 595 679 863 816 597 742 696 845 939 787 685 695 
612 806 871 562 741 693 690 614 929 601 836 763 756 697 909 684 570 900 774 647 
633 929 806 525 899 555 760 907 506 799 948 813 926 792 612 546 693 787 757 532 
893 535 685 657 887 949 576 772 840 607 912 831 839 970 915 738 713 501 824 628 
767 979 510 771 578 514 814 585 768 950 713 995 569 543 701 640 676 888 725 761 
832 842 575 758 892 783 690 926 997 729 911 650 505 826 901 512 933 586 634 635 
572 893 793 888 933 738 712 584 571 997 582 672 961 799 780 731 566 714 801 940 
929 596 719 735 940 695 546 962 686 706 893 778 779 586 514 512 829 542 617 935 
937 953 623 642 639 871 702 668 562 765 790 789 564 825 570 797 550 619 740 923 
643 814 757 991 927 883 718 697 689 519 749 827 645 634 711 902 688 578 881 630 
845 682 534 772 975 611 833 733 748 509 688 983 987 585 874 514 680 856 701 525 
813 941 732 538 800 569 735 757 979 786 957 691 788 515 658 513 845 586 728 955 
936 966 598 771 674 669 962 542 582 847 744 643 609 745 890 529 571 915 904 929 
984 850 900 880 574 991 928 945 914 541 590 556 923 789 866 735 765 961 690 581 
858 700 557 806 551 506 903 572 952 628 755 943 800 543 882 826 654 990 510 951 
716 974 812 890 850 825 606 685 737 776 830 660 591 650 931 593 570 776 707 918 

664 676 821 940 813 597 893 912 958 676 544 526 682 690 527 915 717 881 502 550 
749 555 614 782 879 595 637 886 647 696 628 819 869 544 582 839 634 628 647 731 
772 639 752 659 577 836 598 615 572 787 907 820 902 508 976 793 612 823 918 585 
744 906 510 519 731 684 993 797 805 673 717 900 581 598 830 794 736 998 949 645 
563 534 830 720 759 578 974 767 628 774 978 796 665 621 501 730 529 811 878 976 
955 846 793 507 785 609 820 861 903 774 807 942 651 972 562 726 546 697 891 749 
568 522 701 700 971 799 704 889 904 962 903 520 706 958 983 837 901 928 505 716 
811 838 860 549 935 964 560 913 993 870 983 644 933 742 814 919 551 912 700 529 
709 562 770 812 746 549 980 922 596 544 965 963 533 881 557 678 559 693 880 639 
950 610 989 997 859 574 682 534 520 831 953 507 591 811 998 764 852 631 819 659 
769 981 727 676 729 753 524 727 941 603 839 704 682 737 751 785 759 516 977 953 
765 934 791 953 646 955 535 805 948 704 536 991 757 754 535 520 810 560 510 866 
505 723 539 696 850 939 593 945 592 921 593 545 847 950 869 772 913 752 625 849 
517 684 661 795 630 817 822 504 623 691 711 878 993 969 547 772 782 995 965 915 
647 956 679 617 688 913 934 827 747 845 634 640 974 698 986 914 538 817 504 650 
714 651 747 840 731 790 696 596 511 542 646 551 781 613 784 911 642 985 884 572 
533 695 813 511 523 593 977 685 582 867 701 654 850 744 973 802 722 552 715 711 
871 829 925 769 580 515 967 640 978 898 899 566 987 792 694 682 900 827 668 581 
635 699 593 967 502 993 986 538 501 896 814 984 918 653 626 707 519 682 979 965 
589 588 504 629 836 775 587 505 925 909 639 583 614 917 853 632 960 767 707 688 

513 544 906 824 628 725 917 946 905 576 576 617 949 703 543 549 602 522 747 696 
974 877 515 975 629 846 842 854 755 587 811 792 521 618 567 984 795 705 821 589 
803 754 775 893 596 665 974 803 720 651 856 608 542 563 853 511 887 699 693 654 
692 998 519 666 952 680 739 783 913 885 947 528 785 974 602 750 796 813 554 535 
564 512 535 707 988 642 988 540 858 535 948 559 946 901 721 647 526 962 680 771 
604 941 832 905 821 757 860 862 864 572 883 523 518 848 534 868 723 910 792 657 
957 673 893 672 510 646 667 677 502 992 560 680 648 851 666 896 806 535 844 696 
969 971 635 930 769 808 666 884 541 686 649 631 981 547 770 734 842 654 611 981 
828 592 854 636 944 897 702 696 714 901 635 703 829 547 979 651 857 713 873 691 
757 659 598 794 527 572 803 584 841 809 563 684 717 650 583 569 962 717 972 916 
980 862 702 807 956 547 684 542 838 557 888 552 627 697 621 590 597 512 710 953 
512 887 788 577 886 814 717 765 777 956 546 547 550 949 604 615 842 512 992 939 
956 653 877 906 600 518 789 912 832 526 725 863 862 538 536 718 924 638 836 578 
970 750 855 661 605 985 840 681 758 638 763 667 680 668 593 598 814 508 563 599 
986 623 596 710 880 922 576 845 660 898 824 953 670 646 783 864 546 647 690 905 
527 502 547 694 696 790 969 515 775 885 758 575 803 813 943 780 971 854 681 914 
959 889 669 742 723 969 702 564 611 826 509 993 565 985 508 601 862 898 979 558 
676 815 604 627 614 968 886 676 691 613 871 512 786 511 658 995 936 694 974 531 
563 959 895 536 615 514 964 632 998 862 711 800 567 711 726 625 618 610 806 776 
580 578 984 916 698 594 939 648 638 826 855 916 671 561 702 982 590 750 753 947 

846 670 520 814 924 654 791 722 590 979 664 704 797 944 973 511 973 762 622 607 
537 625 897 609 531 960 596 614 667 925 609 511 503 898 887 899 683 876 781 550 
880 626 624 782 746 532 725 917 919 718 512 770 922 595 676 687 749 753 779 704 
762 882 875 962 637 989 837 792 910 917 853 906 848 976 538 797 672 800 723 925 
601 644 561 747 870 811 876 811 741 808 751 508 524 613 544 785 765 757 703 786 
874 596 609 889 681 850 863 731 930 539 734 586 714 597 833 625 612 904 729 681 
579 974 799 589 702 847 651 848 574 568 760 984 767 673 774 623 771 855 874 890 
615 782 559 710 782 514 810 592 997 998 944 741 531 815 568 971 991 837 908 533 
668 896 741 675 775 722 990 789 977 684 809 817 823 687 693 765 606 725 872 740 
558 764 800 630 952 514 763 983 677 749 694 586 876 514 517 798 879 877 826 977 
839 523 818 591 914 537 593 743 929 617 906 926 509 633 675 941 605 931 543 863 
837 533 540 666 870 882 854 752 950 856 581 875 916 839 769 586 734 669 942 748 
809 975 607 838 836 638 778 716 967 644 609 731 864 937 548 566 746 706 686 838 
728 829 696 983 780 979 616 698 576 684 720 793 633 620 716 772 857 596 980 640 
538 928 879 770 625 741 614 643 569 864 525 916 806 603 812 878 621 634 663 954 
951 998 660 530 835 698 742 752 613 663 956 762 611 594 695 665 833 610 519 618 
852 761 996 637 991 913 873 602 551 756 588 837 950 759 926 898 587 924 927 891 
727 608 525 840 853 719 953 635 517 769 975 602 674 993 901 618 979 538 930 777 
941 908 693 539 553 715 895 785 830 616 577 600 794 912 546 523 859 772 739 638 
515 728 727 953 682 548 682 851 747 883 960 515 830 962 956 873 974 902 844 897 

503 797 846 562 809 971 672 869 694 796 795 602 973 968 521 611 915 737 583 980 
748 511 703 548 657 760 521 728 916 870 647 688 786 841 617 696 807 515 947 654 
973 684 910 860 626 917 924 893 628 720 524 872 512 741 826 825 607 886 561 988 
603 601 566 501 821 720 636 579 952 930 512 599 800 595 904 552 741 831 810 917 
606 603 979 823 508 534 609 543 712 977 923 762 533 945 585 892 940 547 797 877 
614 781 613 535 839 554 829 746 779 570 755 920 886 737 832 796 736 996 839 634 
795 685 530 992 929 803 579 725 848 855 563 634 895 513 857 549 805 864 959 508 
508 702 921 607 813 640 986 802 834 863 538 926 770 571 755 631 908 593 774 761 
517 942 935 553 630 991 642 536 966 604 622 800 839 856 648 845 866 657 919 844 
668 931 968 543 835 616 598 519 519 920 991 551 756 878 947 912 778 512 723 927 
720 910 547 902 734 721 772 647 684 622 993 961 782 630 620 928 731 766 965 737 
796 745 863 709 983 709 679 583 629 908 541 822 702 922 798 814 656 557 985 902 
941 682 502 505 763 814 723 587 520 537 787 676 776 713 942 681 667 787 870 719 
834 966 813 620 738 810 905 550 722 625 951 899 896 816 519 767 672 636 828 839 
719 647 777 618 676 724 692 582 808 611 563 981 665 832 678 944 897 717 668 954 
744 871 745 884 770 755 818 716 569 974 964 519 634 576 552 896 640 959 949 709 
712 635 834 901 856 897 757 655 867 965 690 521 534 697 528 777 797 795 633 878 
855 722 927 525 816 898 725 805 575 884 523 666 545 910 774 610 918 712 953 970 
997 535 656 605 655 639 585 912 544 835 852 739 957 900 820 516 898 850 813 678 
861 523 911 956 623 644 894 762 803 893 702 611 765 786 897 913 930 845 854 855 

541 889 629 968 773 977 529 926 652 781 702 925 678 684 730 967 800 680 980 507 
641 581 795 973 572 550 582 737 512 558 754 523 536 717 677 674 645 611 746 794 
867 558 551 620 880 595 804 616 919 773 825 685 731 891 593 710 969 940 624 713 
581 816 560 725 650 692 873 571 723 744 953 582 601 792 651 909 898 948 669 614 
765 606 862 762 804 945 547 655 779 659 665 881 925 556 525 726 611 633 783 769 
503 554 883 560 700 766 553 998 611 677 541 988 757 501 776 991 748 588 677 764 
699 648 770 872 524 562 532 570 683 561 738 920 905 854 697 709 764 625 926 689 
988 716 976 818 659 611 504 804 814 530 894 732 663 782 876 919 690 841 532 985 
816 737 512 578 655 947 775 914 620 588 555 592 581 945 642 932 908 712 596 925 
539 940 667 546 749 701 686 779 980 838 781 684 878 544 902 575 960 960 507 873 
610 904 779 887 626 850 812 969 528 970 584 522 620 924 953 987 675 881 509 723 
691 707 564 629 829 819 878 889 941 566 511 893 515 657 649 718 663 968 909 576 
873 866 744 560 831 514 968 922 731 976 548 897 850 562 913 573 519 605 765 719 
950 672 863 554 973 749 537 696 630 652 662 823 758 910 528 651 878 650 875 581 
808 715 564 957 758 868 794 618 517 590 864 574 668 815 662 937 939 599 529 673 
928 531 920 876 945 952 617 698 570 750 681 655 941 755 519 863 788 695 653 503 
577 623 605 853 627 835 521 969 659 654 542 799 700 674 620 689 816 943 680 544 
652 912 584 933 927 940 629 686 524 680 959 862 806 774 569 543 947 716 961 812 
757 586 775 862 683 514 766 900 714 710 635 697 959 664 583 731 829 692 860 650 
706 738 779 750 898 759 709 805 822 776 667 966 825 611 656 507 532 773 628 810 

601 573 683 670 940 586 619 762 670 566 655 809 992 801 806 636 918 901 669 596 
755 805 640 546 503 690 910 796 928 664 971 706 877 622 541 991 527 934 698 590 
577 544 886 728 766 979 676 678 695 773 680 653 609 817 584 819 777 839 772 782 
935 536 502 639 763 956 645 539 776 838 942 881 650 950 738 852 533 540 958 978 
509 809 946 830 583 661 783 751 631 721 867 856 595 709 644 548 711 685 844 720 
995 983 777 695 755 997 641 532 793 976 517 509 610 582 609 885 622 562 621 709 
908 623 975 961 588 732 856 652 790 774 818 653 643 634 624 588 673 729 597 693 
960 605 713 795 626 883 721 707 796 752 968 755 675 784 549 590 772 902 808 653 
757 959 642 625 653 772 637 920 645 555 604 955 789 703 590 842 627 570 530 935 
843 973 861 921 629 658 597 801 569 557 797 510 951 681 610 906 753 846 731 520 
932 559 512 992 914 644 642 982 617 818 770 555 974 592 802 764 525 814 914 887 
602 642 954 790 725 590 688 666 602 796 857 680 750 598 710 600 529 508 643 921 
985 916 951 635 887 690 857 688 559 600 795 889 656 851 703 697 615 523 508 812 
588 658 800 706 815 726 911 987 658 735 858 903 523 587 745 794 790 872 611 947 
930 961 572 932 974 875 563 747 968 502 631 638 749 823 917 790 517 666 516 738 
700 739 576 784 978 938 820 934 931 861 629 696 655 643 795 593 854 686 914 804 
962 540 951 515 900 759 687 945 512 503 586 772 631 734 808 852 787 563 963 624 
622 570 638 831 883 812 582 892 611 866 715 928 990 697 892 546 699 883 545 626 
604 932 604 971 562 544 513 887 696 997 998 742 630 615 992 875 560 536 991 650 
881 565 593 967 960 733 556 690 962 680 892 713 990 864 508 933 879 615 733 937 

701 913 941 957 747 588 567 757 528 813 635 738 947 796 968 749 678 969 982 661 
937 726 608 629 636 514 804 788 684 629 547 614 944 832 622 520 835 866 969 685 
939 955 778 573 771 914 785 776 914 881 554 864 637 882 981 731 515 720 697 985 
542 849 714 894 856 917 590 657 541 603 625 944 505 590 622 692 908 619 787 779 
612 647 505 592 840 627 662 945 595 584 958 544 817 862 740 505 770 862 860 510 
883 715 934 534 548 893 972 541 603 813 555 801 876 919 871 697 539 710 555 965 
683 671 930 701 885 855 628 662 639 781 616 587 622 606 804 941 990 600 521 913 
502 594 741 981 701 868 560 537 533 912 789 529 505 995 578 637 643 669 749 669 
962 859 802 540 748 690 822 711 621 805 901 914 590 561 981 765 807 980 918 765 
902 780 582 888 592 855 557 874 910 866 711 556 848 795 945 640 723 902 503 829 
998 864 558 563 617 831 593 706 573 948 585 894 850 990 571 955 901 820 587 631 
731 941 780 971 743 888 595 901 849 539 792 696 628 865 521 904 596 743 889 662 
970 898 737 799 760 941 753 620 591 833 623 779 858 751 848 510 613 674 652 670 
688 761 748 883 699 546 529 635 960 806 637 619 653 683 813 968 914 622 720 638 
747 629 911 879 588 864 968 677 726 612 988 619 808 817 936 989 802 931 804 807 
508 610 841 702 573 782 759 935 857 569 826 788 719 677 686 677 919 533 527 590 
888 902 718 898 566 883 958 719 636 922 756 940 967 780 509 565 745 887 771 769 
709 867 913 965 885 752 503 573 984 643 552 745 709 642 529 631 840 530 649 623 
941 781 781 616 993 970 730 976 725 777 895 735 844 858 564 633 540 794 708 814 
965 857 729 922 690 730 793 702 662 715 969 698 598 800 710 600 978 550 731 807 

505 601 697 720 850 928 607 871 747 935 655 558 709 639 795 695 869 961 590 684 
542 859 791 539 901 891 748 633 542 700 838 725 932 569 694 900 834 569 785 842 
869 623 517 867 857 897 974 647 625 849 969 758 913 592 508 562 821 537 707 531 
699 986 867 561 527 527 930 564 927 819 752 691 973 550 778 578 522 849 724 821 
513 762 921 650 791 787 524 539 670 505 622 924 760 966 800 711 941 812 973 591 
940 691 868 846 573 907 839 638 647 956 735 511 531 862 858 564 768 725 642 615 
834 610 784 934 546 845 785 615 852 903 612 548 673 573 691 758 815 912 917 555 
635 646 538 937 627 591 817 689 691 981 743 529 841 738 959 886 819 518 900 829 
982 552 842 981 605 977 518 554 924 540 873 863 800 690 679 861 802 633 984 633 
604 510 876 770 750 953 777 783 719 771 931 825 966 617 741 691 635 513 906 619 
610 564 568 571 935 883 997 688 590 966 672 821 508 663 510 771 569 514 518 852 
692 597 834 677 668 595 934 800 689 768 547 519 940 538 715 608 797 599 602 865 
827 797 759 891 783 778 633 870 808 593 792 704 925 850 855 948 532 911 672 642 
789 643 787 772 723 819 926 794 964 738 633 899 934 848 853 687 807 531 579 718 
872 514 926 985 583 872 806 912 759 583 793 669 709 772 956 778 625 691 520 815 
818 511 874 564 778 608 599 553 968 761 687 985 984 969 740 917 515 534 892 862 
575 549 624 963 765 502 958 814 508 812 577 613 804 722 900 569 572 714 773 793 
675 706 586 959 637 735 828 692 678 609 901 588 525 960 702 989 913 608 747 551 
620 817 597 896 811 787 980 675 840 662 822 568 985 696 657 588 651 678 977 976 
583 604 951 832 567 849 814 939 725 992 781 979 528 588 749 714 990 686 634 530 

767 965 807 868 629 855 988 925 876 965 750 793 982 523 592 628 662 836 520 574 
555 806 637 772 868 803 508 622 535 832 512 870 521 761 807 893 564 926 637 699 
777 653 794 967 966 764 508 518 844 906 935 515 898 678 848 580 980 844 856 886 
970 501 821 557 985 976 955 732 938 568 948 618 542 952 505 979 778 545 517 971 
931 949 934 785 557 515 527 642 840 853 811 821 714 708 589 651 970 695 985 783 
512 916 942 852 931 697 958 545 530 751 587 798 747 605 993 934 735 851 976 717 
791 650 745 981 661 765 507 597 878 784 557 644 653 982 702 757 723 882 906 919 
824 962 915 740 849 658 876 667 731 926 831 527 606 658 933 856 755 736 865 708 
713 641 629 874 657 681 810 783 520 909 947 639 827 703 724 601 941 656 835 618 
703 783 602 910 554 612 674 690 930 608 725 803 944 748 538 580 857 983 589 720 
606 656 731 966 601 730 787 840 931 530 778 792 832 927 570 625 825 830 903 736 
767 646 668 842 544 702 839 992 534 885 854 803 807 521 878 868 733 783 988 579 
702 747 849 788 995 868 965 666 987 773 866 641 737 709 626 597 694 979 898 872 
789 708 702 746 706 651 788 959 669 834 729 620 511 949 907 891 964 923 531 867 
589 866 678 794 731 644 548 535 598 823 825 604 684 825 827 956 998 888 775 868 
684 900 591 725 576 842 903 837 561 639 598 769 925 946 800 536 693 876 930 935 
962 899 926 892 729 691 918 788 836 583 515 812 854 928 698 594 683 907 997 615 
689 511 658 834 720 589 772 749 876 647 690 946 569 672 813 923 749 556 807 883 
729 805 771 855 955 539 947 762 844 859 666 738 630 675 572 592 981 983 989 735 
972 925 532 546 784 905 971 667 627 596 852 680 880 842 698 976 504 567 705 929 

670 670 627 780 846 692 956 960 925 796 846 990 897 530 989 876 767 730 884 512 
881 743 804 860 557 934 564 603 804 590 994 558 586 892 749 824 687 573 752 850 
978 873 997 541 714 833 615 911 930 974 525 993 770 518 694 988 661 855 703 728 
898 503 765 983 748 867 975 885 926 829 916 539 786 641 688 877 877 539 647 739 
790 961 798 950 785 933 877 808 619 796 879 888 568 757 528 699 689 594 690 869 
917 548 843 832 866 626 883 713 899 639 866 514 726 623 570 780 547 943 934 798 
786 963 898 860 697 617 804 770 688 745 985 897 800 919 781 966 926 672 579 598 
528 777 558 578 808 942 748 585 707 952 574 523 528 941 925 971 504 609 767 942 
775 516 704 942 925 700 719 677 752 859 971 950 650 976 743 827 803 764 822 725 
846 862 877 798 810 690 582 787 872 707 603 926 504 860 598 514 730 790 743 929 
869 592 625 850 703 962 773 541 800 821 887 721 887 975 722 505 796 718 857 844 
899 738 703 719 567 588 581 761 763 520 673 963 935 645 627 780 601 841 778 800 
883 591 507 944 819 927 964 948 916 610 671 592 915 734 909 637 618 691 826 767 
992 689 815 626 940 673 780 604 742 763 626 814 747 706 735 579 683 888 731 971 
902 993 899 952 844 826 554 943 851 974 610 528 652 988 767 862 567 531 682 793 
751 967 698 990 845 661 586 692 993 912 801 753 735 517 873 683 803 565 720 919 
907 904 995 601 648 581 929 562 643 587 572 764 904 567 536 905 712 829 511 888 
910 744 552 861 818 704 995 731 535 635 819 821 571 868 674 910 524 653 849 821 
772 946 796 629 626 745 778 853 505 549 949 778 626 981 730 634 692 966 855 791 
984 659 609 901 916 929 931 565 909 831 670 813 820 559 524 527 643 868 795 691 

694 850 871 768 814 908 859 817 947 609 501 704 525 939 828 846 836 994 932 964 
800 766 705 976 713 952 816 940 680 709 620 518 866 731 698 626 747 509 996 804 
953 836 585 853 730 876 804 799 897 645 614 562 979 822 632 518 818 672 520 723 
540 893 590 800 958 555 754 539 696 953 687 761 505 839 541 800 674 984 614 724 
822 725 817 935 550 796 691 710 702 859 986 981 512 515 762 899 641 657 763 932 
606 930 765 511 543 784 764 502 780 748 749 935 737 547 736 703 913 791 838 781 
915 987 926 576 675 730 746 608 923 844 893 580 556 978 625 699 636 676 949 531 
893 713 670 740 811 571 511 990 765 634 772 826 883 953 526 651 917 855 945 590 
933 850 560 826 732 904 883 763 508 514 561 691 797 514 929 628 907 958 974 984 
504 650 860 721 974 865 587 989 701 931 957 671 574 644 774 959 968 855 908 713 
568 689 623 686 909 614 935 713 731 707 935 586 966 663 901 731 644 540 858 931 
653 527 928 894 583 528 643 837 923 871 502 502 968 875 990 947 648 732 577 863 
847 747 663 547 635 791 871 824 617 525 597 597 582 982 507 990 810 574 646 781 
711 936 723 663 873 673 744 699 887 514 596 595 796 764 507 563 980 793 558 562 
772 719 700 777 600 724 639 558 653 544 579 791 702 797 774 973 996 884 911 696 
900 719 804 695 603 884 743 701 636 702 502 991 686 932 560 633 522 651 811 932 
567 924 894 911 952 896 669 777 518 776 539 620 817 943 856 714 646 808 763 508 
936 853 966 818 883 548 796 611 765 647 918 851 798 976 877 586 522 535 810 890 
938 933 683 913 515 708 885 831 633 994 970 989 869 572 794 930 562 731 994 748 
680 721 541 848 585 702 606 610 831 560 859 962 834 826 613 631 907 924 847 641 

880 875 922 567 953 660 718 587 599 979 988 773 973 767 736 764 889 860 501 816 
668 743 685 725 977 910 596 711 501 820 968 739 918 675 805 787 698 571 914 892 
794 955 987 622 946 998 972 807 557 863 903 954 609 736 921 977 822 538 872 748 
980 709 789 711 801 932 742 648 799 964 534 527 859 688 813 546 768 776 913 974 
732 699 730 607 697 579 887 996 791 838 891 869 592 667 972 753 537 913 710 587 
871 751 529 978 706 552 846 855 787 717 813 815 738 910 743 974 661 761 843 987 
952 654 551 743 663 925 807 660 864 817 575 783 865 602 542 613 747 899 673 799 
727 963 754 549 638 925 755 984 714 603 546 874 749 501 628 797 571 837 805 569 
853 515 718 726 507 566 599 700 539 912 657 671 776 642 605 963 936 942 702 665 
540 694 639 784 627 760 707 532 766 852 549 576 614 772 872 596 912 645 925 772 
568 990 563 688 723 653 831 894 897 543 952 616 782 990 982 597 882 854 940 502 
507 874 601 527 957 553 797 592 649 762 814 969 764 813 694 875 571 957 779 628 
677 691 587 822 669 627 888 639 979 909 981 816 625 947 523 663 768 607 642 730 
936 664 647 541 735 736 980 766 544 847 847 946 616 647 683 753 666 659 624 552 
856 778 969 873 782 562 785 962 518 892 831 516 525 616 711 535 621 561 644 744 
680 597 865 664 922 792 570 741 586 566 835 559 717 977 837 841 650 736 571 705 
517 998 760 528 565 965 654 524 881 730 992 782 558 747 545 889 614 679 525 992 
588 800 661 640 609 688 529 843 747 648 806 571 655 873 598 690 966 855 804 701 
534 526 723 581 764 514 683 781 552 911 793 701 728 757 834 642 705 941 739 925 
912 685 821 761 587 818 506 794 814 533 834 863 938 902 552 905 794 577 556 540 

856 979 932 820 874 909 875 896 984 733 512 879 690 719 840 687 855 817 933 850 
509 551 729 853 905 784 908 766 786 789 817 715 991 609 797 543 571 590 712 876 
878 656 532 613 624 925 793 572 528 950 956 939 693 815 959 549 703 670 656 796 
985 739 687 898 677 851 884 987 787 594 571 626 765 534 916 973 813 941 808 674 
903 854 580 530 975 730 879 888 600 899 833 839 639 892 604 720 888 730 938 878 
598 551 748 676 568 787 775 525 938 709 647 919 811 774 755 781 592 853 515 829 
757 799 903 683 599 616 788 702 765 885 947 902 550 526 547 904 918 855 582 958 
961 785 801 660 632 858 562 884 525 662 613 872 976 951 505 717 841 852 538 638 
779 522 941 761 682 806 857 768 609 506 941 730 919 611 526 559 878 863 511 593 
709 523 522 810 671 551 943 573 607 969 831 843 611 905 823 552 642 703 506 521 
606 671 693 777 509 702 711 508 686 937 588 551 635 731 511 567 753 646 886 527 
823 727 651 728 517 569 665 698 903 704 940 835 768 733 686 867 965 712 507 715 
801 935 759 837 768 975 680 973 711 926 751 870 918 699 931 725 533 993 925 511 
529 787 759 895 565 654 804 847 712 875 894 644 959 556 928 677 793 625 902 818 
722 898 595 589 969 938 966 623 817 535 558 687 817 927 647 631 675 799 876 867 
853 604 571 595 646 577 520 605 744 591 899 824 939 679 784 998 964 794 909 740 
685 898 578 728 941 749 602 790 590 593 945 878 872 979 767 849 774 941 741 590 
504 743 978 787 666 691 780 773 851 955 811 869 640 868 945 788 783 919 625 730 
897 554 631 856 733 973 962 836 875 810 826 899 713 792 801 927 707 684 911 955 
507 915 789 570 830 634 842 875 576 647 818 625 604 885 652 567 888 518 960 566 

850 721 925 562 721 618 820 923 877 597 967 872 807 976 871 951 639 574 800 654 
710 756 527 507 580 769 566 835 665 808 961 926 534 873 533 970 655 709 882 794 
781 536 777 997 525 963 994 819 745 542 921 679 666 721 965 738 862 576 751 886 
645 548 592 559 809 658 936 645 585 728 954 869 796 728 683 907 776 852 557 683 
782 707 786 991 804 916 914 530 972 614 590 845 829 653 851 700 742 782 908 787 
825 768 707 649 679 717 797 949 652 876 731 562 939 818 515 857 984 737 670 761 
977 987 833 994 828 631 520 749 935 764 873 678 507 672 915 502 768 529 542 695 
533 854 836 527 759 881 774 767 887 962 774 609 732 924 827 694 959 942 784 638 
647 502 653 616 637 889 510 968 644 737 660 721 519 653 701 909 894 834 899 994 
878 680 830 766 719 811 516 954 612 941 537 934 580 975 593 972 773 744 979 674 
884 705 826 739 979 701 677 574 507 980 869 944 784 865 602 781 591 742 854 720 
844 678 528 682 577 888 741 608 824 936 523 505 662 724 886 860 683 544 658 820 
760 930 689 937 992 592 863 557 804 924 735 984 799 868 867 698 927 662 990 928 
785 535 855 582 977 750 685 978 975 789 769 747 732 893 933 932 597 764 832 871 
724 998 865 916 945 532 982 590 878 846 905 766 854 543 672 571 540 716 698 889 
737 564 510 710 839 771 878 986 558 517 836 961 667 775 615 622 901 778 608 873 
740 888 757 691 919 602 897 828 684 994 779 654 569 800 553 835 800 704 955 735 
582 765 573 755 597 520 979 601 643 792 829 524 650 718 907 713 594 905 506 828 
508 822 795 713 567 994 675 940 761 944 988 649 658 557 956 511 641 935 753 854 
830 842 514 876 997 636 653 596 676 976 851 554 946 993 840 561 710 503 746 819 

975 768 565 820 956 739 657 789 587 764 866 794 561 754 512 689 898 841 514 946 
674 551 705 517 832 564 691 908 707 937 680 533 874 798 511 758 930 712 884 565 
832 988 647 863 557 728 814 635 897 900 921 602 941 781 638 797 568 600 773 790 
509 891 545 848 573 635 538 775 582 659 551 799 977 845 762 728 904 839 801 541 
671 871 841 839 874 967 522 897 553 631 663 501 844 927 575 997 673 778 646 713 
642 748 598 614 874 582 581 684 717 905 963 936 528 981 626 553 581 522 707 549 
749 665 690 914 796 690 787 942 606 643 967 569 768 554 635 709 663 555 834 784 
872 507 550 949 535 527 739 870 961 893 540 549 947 563 680 710 776 537 765 537 
661 904 638 864 855 687 887 914 765 814 703 936 928 913 883 587 966 639 997 743 
661 858 610 532 733 734 917 635 588 708 917 958 955 645 799 568 635 578 539 958 
929 786 518 802 805 864 975 612 723 674 748 617 507 577 643 516 873 939 707 734 
915 790 705 558 750 783 891 709 863 637 663 985 695 983 730 674 986 906 693 833 
530 889 611 596 899 934 907 684 677 746 746 808 826 876 730 831 645 728 501 537 
619 749 661 781 592 666 625 637 816 943 806 738 877 810 987 697 683 948 984 823 
559 501 980 680 718 846 681 542 756 970 803 577 520 900 512 733 940 874 755 911 
953 616 634 651 746 609 786 872 716 828 556 684 786 874 848 553 815 821 833 558 
921 644 620 809 832 972 594 698 715 724 748 807 537 852 770 814 988 920 650 861 
690 876 723 969 660 818 542 728 576 912 924 511 991 606 827 988 729 591 804 701 
632 992 780 619 548 907 777 947 906 963 562 529 721 640 617 557 642 957 524 637 
679 515 697 818 787 573 576 656 907 876 549 792 966 531 743 691 603 661 587 886 

552 809 784 886 884 889 863 920 678 632 574 660 800 790 752 811 935 549 551 683 
558 789 629 759 972 817 824 840 844 531 698 982 907 560 558 847 555 709 724 938 
600 645 926 539 792 505 560 687 780 995 860 581 901 764 609 532 581 963 973 889 
783 669 508 994 670 517 941 737 670 942 598 915 631 683 571 808 919 660 949 527 
729 956 562 660 537 511 531 813 890 552 587 560 927 965 648 576 605 596 712 849 
993 506 679 984 888 705 803 524 965 897 504 943 879 915 568 890 796 610 775 973 
791 623 857 853 841 905 908 543 630 702 775 639 543 891 604 812 787 770 525 555 
717 796 987 919 955 543 528 643 583 651 612 543 548 875 541 737 621 802 790 519 
662 568 636 818 852 564 713 627 797 647 571 863 938 857 742 989 645 690 694 660 
842 538 880 947 785 740 675 641 794 987 638 975 724 941 556 664 800 989 771 584 
914 638 760 535 754 761 884 739 692 842 889 742 943 748 651 849 964 728 916 842 
745 605 580 705 579 501 790 805 828 537 950 948 691 867 641 842 604 579 980 932 
900 667 921 849 676 886 913 887 783 580 987 588 728 931 819 910 967 632 551 874 
638 859 845 850 562 607 563 954 815 989 794 813 592 915 610 640 947 993 941 616 
721 766 601 732 864 887 638 907 992 924 931 832 871 804 770 569 825 656 943 951 
781 991 697 544 594 657 572 689 564 621 993 708 913 675 702 788 685 630 565 505 
963 880 931 557 775 523 521 581 559 560 619 972 620 537 593 586 658 774 965 717 
858 531 524 727 517 859 821 516 654 712 553 718 893 675 930 960 837 777 812 643 
826 638 621 916 513 840 663 527 853 770 555 963 785 747 511 769 626 957 606 640 
597 909 950 568 589 576 686 737 787 746 641 830 752 590 583 708 827 930 992 793 

628 843 797 504 577 646 529 759 808 900 833 517 560 615 914 841 598 676 882 938 
644 682 978 680 680 806 901 887 899 791 735 576 527 821 721 581 897 722 887 639 
901 970 809 980 753 931 626 938 899 952 598 905 922 554 637 942 828 927 995 863 
928 846 519 724 965 701 985 781 918 626 594 965 568 894 795 838 921 891 574 841 
700 937 920 871 985 778 599 947 735 550 635 705 636 993 788 579 511 975 523 906 
906 508 835 585 925 640 638 565 641 702 742 772 707 889 895 798 883 593 791 695 
905 652 550 711 956 543 632 715 651 710 706 618 677 822 560 557 830 851 997 948 
893 986 861 749 716 501 923 913 754 538 904 615 516 767 985 602 810 590 852 767 
585 560 870 648 607 992 708 919 708 621 865 852 910 746 872 767 973 597 584 925 
791 535 889 951 657 610 849 767 907 758 928 613 504 815 686 929 813 735 596 646 
969 526 625 746 640 662 929 825 651 695 898 972 630 905 512 918 716 925 873 994 
881 523 547 873 586 860 607 638 795 878 833 547 518 749 818 579 831 731 585 868 
813 931 900 601 768 510 813 837 675 665 762 572 832 705 799 664 610 952 834 952 
928 849 522 610 696 729 638 583 607 784 907 634 898 897 886 510 506 917 594 504 
540 737 992 632 638 509 923 727 507 578 783 637 702 902 822 824 508 734 598 743 
663 593 691 503 540 777 974 767 770 882 534 533 877 805 918 655 713 880 949 891 
969 775 685 594 976 562 918 698 954 519 961 844 946 880 660 720 846 912 931 586 
607 938 867 961 796 915 908 824 597 869 883 995 710 900 728 906 848 602 728 861 
659 872 725 745 693 557 720 915 845 956 705 629 912 944 676 625 960 946 686 915 
541 578 551 569 580 767 810 750 791 626 861 963 531 753 706 640 765 836 865 625 

845 763 699 589 840 870 925 755 817 620 845 799 516 777 619 679 675 966 881 501 
948 611 987 508 720 929 701 680 882 971 817 947 891 949 941 972 748 644 769 849 
867 758 889 777 626 528 793 544 827 732 777 625 765 790 848 590 680 651 969 578 
864 906 603 899 733 585 687 758 716 523 946 896 892 707 773 693 602 692 935 732 
890 913 547 854 967 656 988 643 733 923 690 676 596 848 698 894 685 545 551 580 
943 928 760 905 573 719 768 793 830 903 869 787 938 573 795 555 910 719 551 585 
630 557 887 956 981 561 835 842 535 592 764 506 651 648 651 570 906 858 869 758 
633 818 547 799 770 871 547 507 531 670 622 915 534 817 598 583 625 695 879 935 
573 641 606 774 657 867 661 504 985 752 835 567 986 812 746 990 879 854 637 710 
594 909 837 561 813 654 828 575 731 770 743 563 750 543 892 712 970 649 951 865 
918 629 929 762 546 903 573 577 928 853 967 945 541 731 805 829 739 818 607 511 
601 890 541 626 717 643 801 882 819 721 716 858 983 870 501 507 718 548 883 556 
589 516 712 611 889 977 777 931 594 691 846 853 728 615 767 590 501 919 638 721 
529 530 896 830 606 941 607 579 920 574 867 519 841 616 860 923 518 562 561 596 
534 577 633 516 739 872 854 931 940 829 534 561 612 615 910 929 504 888 606 968 
719 577 974 628 954 902 572 970 596 688 669 922 614 705 819 559 614 784 685 932 
963 805 685 729 905 659 515 601 517 638 621 765 722 737 544 646 581 561 815 905 
521 599 693 796 742 706 894 774 863 727 522 851 761 785 818 524 703 921 711 801 
710 911 797 762 910 586 985 802 542 874 800 931 955 853 830 765 516 773 998 964 
788 555 851 534 701 952 913 628 775 795 787 636 876 732 770 736 839 825 722 965 

841 699 936 947 515 645 818 534 968 770 684 713 905 735 942 614 998 814 803 682 
595 602 919 614 754 680 820 548 867 781 690 783 812 788 648 772 827 886 831 963 
997 527 931 581 581 867 730 833 573 786 626 531 730 721 881 924 782 655 958 905 
980 918 842 792 779 723 776 694 709 537 656 827 867 703 507 678 832 837 692 535 
661 560 705 879 725 810 602 979 540 549 639 855 835 918 747 856 580 947 816 527 
971 770 509 860 995 996 555 696 543 856 819 743 623 531 847 903 596 898 562 569 
893 952 507 997 613 838 957 732 937 627 766 864 989 663 833 552 819 625 935 781 
633 605 843 630 827 891 867 576 547 624 597 782 564 726 534 721 909 716 931 832 
555 845 924 770 841 739 687 609 643 912 911 771 783 561 576 573 686 571 704 962 
852 852 976 915 797 525 513 517 969 818 887 848 862 575 893 716 635 598 729 749 
590 605 844 627 713 641 778 821 553 601 912 516 942 864 523 706 646 794 606 859 
887 825 699 643 964 933 986 594 653 769 689 509 998 887 827 612 850 932 598 798 
941 947 836 645 918 719 911 517 704 710 925 782 512 536 679 973 678 506 774 790 
816 991 779 608 537 562 875 726 841 857 529 784 632 794 834 834 875 594 847 715 
784 853 783 971 940 904 745 919 767 591 671 844 796 908 842 881 724 868 846 973 
970 866 949 842 878 729 855 682 855 993 901 632 678 691 783 717 744 574 964 826 
532 756 605 534 748 787 633 646 977 940 627 504 731 570 593 824 625 684 540 540 
833 622 710 579 589 841 584 986 721 669 718 613 512 759 957 927 753 947 854 879 
677 635 661 625 510 680 736 584 914 915 920 761 869 757 904 965 636 662 630 924 
634 604 691 679 552 882 786 869 641 833 902 844 713 537 634 985 807 998 700 863 