10 10
48 8 4 10 35 76 64 51 1 34
39 98 46 12 71 93 90 9 44 67
33 73 26 95 30 32 50 13 32 97
22 19 78 34 47 2 63 64 36 3
1 25 40 20 64 95 77 65 69 67
64 19 88 45 73 85 24 66 14 22
38 79 46 44 91 91 39 2 93 65
29 72 69 87 37 33 94 91 60 9
53 28 67 84 16 47 70 84 68 68
89 50 64 41 42 42 7 10 67 34

846 552 879 653 523 513 561 670 874 733 
958 842 515 556 650 727 773 579 732 789 
716 574 815 953 596 807 856 961 746 909 
891 604 625 972 645 821 915 673 780 539 
602 937 790 724 685 818 564 513 613 742 
622 751 534 880 538 722 925 700 745 564 
541 523 672 776 685 838 690 559 925 983 
702 664 997 879 903 677 898 528 593 509 
744 608 959 732 901 970 765 771 933 775 
615 773 867 580 926 632 542 937 998 976 

959 544 536 832 762 617 540 906 760 701 
826 606 748 825 779 786 567 528 911 822 
714 847 536 537 696 735 570 703 618 982 
988 856 620 812 849 802 912 801 593 918 
851 913 853 957 597 978 751 795 796 998 
750 680 720 835 509 777 794 756 636 502 
844 876 703 645 907 847 916 804 547 848 
932 851 848 781 780 776 899 730 605 759 
612 826 550 906 984 687 723 544 957 640 
843 622 921 568 501 832 819 898 714 645 

942 667 739 925 866 818 982 961 826 768 
758 884 632 781 600 827 907 992 770 713 
519 696 653 549 687 915 914 760 782 986 
723 660 700 580 714 856 750 582 634 807 
699 981 580 639 827 896 532 744 943 861 
758 886 730 730 553 938 565 890 725 584 
542 980 778 918 919 983 582 955 533 539 
657 816 694 829 942 907 921 879 716 623 
579 699 582 811 698 981 905 696 959 606 
772 591 781 719 519 779 768 997 665 738 

816 789 707 905 753 897 839 547 861 891 
736 803 914 593 582 876 652 696 729 609 
778 827 983 849 751 984 930 926 635 644 
879 610 919 654 532 961 709 895 880 558 
888 536 716 643 797 986 799 900 566 885 
523 507 640 687 963 965 776 622 793 723 
841 912 909 664 845 969 584 865 707 659 
877 895 568 640 554 501 930 768 548 619 
848 709 751 685 875 648 731 649 680 662 
696 766 857 560 600 546 685 678 853 681 

834 709 912 780 995 673 657 834 625 875 
855 988 754 803 637 942 929 931 765 894 
551 650 829 773 843 661 874 882 621 542 
561 931 682 975 604 844 800 744 683 569 
985 755 919 654 526 781 878 675 629 706 
563 664 652 942 548 530 881 554 561 672 
776 733 747 547 736 959 577 652 590 675 
624 533 944 937 801 861 607 598 895 956 
998 809 855 542 981 784 991 844 926 894 
706 703 672 729 823 576 799 900 660 901 

753 936 792 623 674 967 891 782 801 731 
533 737 881 569 998 709 933 760 679 759 
536 888 589 890 697 552 648 725 989 557 
724 980 972 503 735 735 977 580 520 555 
973 531 923 650 597 824 971 856 863 660 
743 620 694 864 570 857 878 953 947 820 
815 928 631 528 947 781 895 649 794 828 
819 900 933 885 987 910 982 811 918 925 
968 732 925 793 649 782 909 569 971 604 
962 792 933 797 893 946 860 917 945 552 

536 945 625 927 600 632 707 684 658 615 
769 936 740 580 954 537 915 541 718 616 
686 572 524 951 756 897 910 910 682 976 
640 865 574 595 550 936 660 900 868 634 
554 649 612 833 669 782 850 619 966 539 
723 634 972 989 681 818 634 836 868 668 
777 799 829 560 545 677 760 539 673 888 
772 611 855 622 625 733 530 956 517 963 
611 609 870 723 799 789 612 754 714 654 
943 530 875 565 742 670 968 696 899 583 

644 584 653 697 875 901 542 770 936 741 
651 600 661 880 555 882 908 652 918 866 
679 519 876 784 660 760 518 934 949 957 
995 666 528 903 955 627 659 723 862 570 
994 529 955 809 756 820 980 760 764 844 
678 878 963 909 998 863 764 519 658 563 
628 905 870 643 932 833 560 821 826 574 
583 523 893 591 639 889 533 517 501 789 
812 870 894 583 773 613 856 843 988 797 
616 699 523 791 779 579 865 769 774 877 

597 808 684 622 511 659 957 614 637 709 
539 685 519 653 578 932 507 598 953 643 
886 540 844 506 589 533 679 505 813 552 
581 690 697 736 703 743 996 680 747 765 
753 970 738 727 513 881 901 736 774 849 
994 644 550 925 535 907 520 737 587 651 
979 561 915 708 597 882 744 637 808 581 
907 877 741 569 916 615 509 918 843 967 
964 562 712 771 869 549 703 680 705 983 
659 879 960 697 993 731 928 519 668 970 

994 777 660 838 943 604 972 635 587 558 
612 813 550 617 700 902 789 930 632 968 
534 941 826 702 643 571 542 944 725 993 
786 652 939 528 991 703 737 856 980 504 
597 510 709 774 917 661 512 840 848 768 
913 810 772 580 916 980 615 609 933 932 
607 756 651 647 592 979 662 681 816 965 
912 548 587 926 814 798 906 657 721 829 
968 911 525 936 794 729 959 715 684 674 
666 765 569 949 596 560 545 687 619 692 