15 15
19 78 79 3 53 27 24 47 7 19 2 73 63 21 2
21 13 29 63 23 18 32 60 26 5 46 13 54 12 90
28 85 44 42 69 80 71 44 27 77 75 53 94 55 66
28 74 86 16 34 60 17 8 18 27 39 71 8 3 76
99 1 62 52 80 16 79 39 49 86 33 14 65 45 85
62 77 61 16 88 91 13 8 53 18 17 92 88 40 42
26 41 88 27 69 32 97 99 4 77 72 77 63 63 98
83 86 67 24 79 49 18 87 75 22 54 51 14 33 43
83 39 27 6 57 82 15 75 84 55 86 63 70 4 22
22 33 11 69 47 38 42 99 19 66 19 41 59 3 68
34 43 61 84 65 36 25 32 1 79 93 3 92 82 2
5 65 58 77 80 30 13 71 85 45 93 44 74 72 60
27 82 74 62 82 18 22 69 48 89 60 73 72 65 23
34 98 89 92 2 85 15 99 80 69 27 18 20 23 78
38 65 5 8 45 50 28 64 55 51 56 43 22 18 96

646 823 795 943 983 767 896 869 589 795 603 668 580 951 506 
699 723 785 923 857 813 758 889 534 544 522 795 974 647 827 
724 843 821 586 903 980 602 703 666 580 518 621 682 713 653 
880 896 792 824 839 612 978 998 563 657 750 847 514 920 564 
529 795 901 988 550 805 981 760 722 621 567 662 891 579 837 
516 633 553 935 738 636 685 641 635 849 694 698 779 726 722 
631 727 589 617 758 508 504 590 902 701 757 915 705 922 526 
885 856 622 547 751 627 504 945 800 575 723 600 749 906 547 
803 582 629 922 818 732 704 994 890 797 577 670 915 829 986 
898 683 937 785 623 704 601 576 550 582 854 525 518 982 522 
663 749 917 922 961 775 797 603 876 565 721 848 834 673 510 
934 682 614 722 990 536 606 992 638 898 515 974 815 882 792 
595 582 786 790 888 619 672 739 554 766 700 586 789 799 939 
533 602 820 824 683 865 887 933 649 864 855 806 625 511 735 
880 950 683 843 952 625 974 543 685 888 708 708 618 915 843 

865 616 979 653 574 790 594 954 875 758 858 523 627 521 951 
791 977 528 739 837 608 888 830 806 584 809 787 897 830 668 
562 859 930 840 745 591 874 552 606 706 988 934 531 669 879 
594 592 629 830 750 992 592 786 734 886 951 598 907 910 563 
723 717 933 600 653 536 587 913 522 991 986 582 824 899 810 
716 534 668 959 821 606 679 625 912 832 728 993 667 515 848 
574 573 569 973 730 653 852 580 553 668 976 815 842 647 791 
701 672 543 890 935 544 811 941 730 690 722 944 661 827 514 
862 561 733 692 951 883 815 791 749 638 825 590 509 523 620 
708 675 729 837 766 518 895 508 794 923 566 525 924 627 974 
960 800 731 728 616 880 652 672 798 707 773 988 632 679 911 
847 833 607 861 692 795 770 655 912 688 882 886 524 927 623 
757 575 643 939 854 653 598 692 881 839 845 606 755 519 644 
605 520 540 788 848 697 958 515 803 971 933 958 879 653 682 
560 634 705 648 788 708 568 902 706 633 524 712 975 993 885 

871 519 547 825 760 803 966 930 647 918 592 501 635 902 913 
842 821 586 638 562 779 753 904 996 872 744 664 963 627 596 
581 651 542 914 556 647 909 975 762 728 633 628 929 762 723 
837 671 961 557 994 740 722 560 620 778 514 523 811 908 678 
530 753 770 849 747 816 632 528 605 657 735 808 682 724 732 
810 696 872 762 628 588 508 704 917 981 763 564 969 540 505 
637 875 868 723 660 921 955 587 915 551 765 519 523 964 759 
675 582 943 905 854 964 834 575 936 669 798 835 862 783 722 
996 951 633 625 688 598 522 653 535 772 877 504 876 623 767 
951 670 548 761 828 744 568 702 886 827 888 655 798 546 955 
707 508 517 897 631 832 705 801 793 977 785 815 687 925 929 
923 668 511 723 985 866 983 801 902 710 693 696 895 623 571 
605 687 973 720 975 640 906 871 772 991 866 721 788 602 800 
636 675 794 748 642 973 991 568 557 906 997 621 584 967 541 
519 544 942 819 558 659 930 833 807 993 954 971 910 727 651 

535 757 645 636 612 617 986 949 844 794 951 746 878 648 718 
681 727 677 932 550 662 711 918 654 747 994 930 852 888 957 
921 749 776 639 816 982 963 871 698 854 991 764 601 647 955 
628 991 911 807 691 936 862 823 674 709 725 902 989 593 784 
874 663 506 913 875 781 950 663 874 887 930 582 539 613 780 
659 807 970 948 674 519 878 550 866 824 921 752 918 772 757 
746 697 737 845 631 783 992 505 507 719 972 541 893 923 550 
962 722 620 901 569 976 712 802 811 792 858 753 528 713 682 
805 566 670 877 974 851 785 973 804 687 964 968 833 917 662 
878 768 559 765 780 756 935 728 992 837 928 580 529 840 933 
967 694 613 709 722 653 929 584 788 546 653 951 625 897 756 
895 941 544 602 638 924 567 858 841 645 818 650 683 717 843 
939 641 984 665 592 784 507 894 663 741 722 704 947 584 950 
785 702 963 957 846 516 893 514 815 742 791 833 673 705 610 
698 805 789 735 665 727 714 971 650 753 868 706 583 603 735 

604 863 515 719 549 985 622 919 803 763 905 697 976 861 779 
712 598 628 630 570 688 898 584 626 709 847 926 656 842 703 
689 689 517 653 985 972 756 772 765 574 979 755 869 922 884 
780 574 960 850 755 877 728 922 645 659 907 590 873 879 689 
712 835 801 620 958 831 816 615 889 592 954 569 701 561 728 
750 957 804 802 703 869 770 529 635 793 588 531 824 729 673 
822 904 757 845 590 534 728 975 613 570 876 889 662 993 850 
569 872 756 557 705 591 813 723 616 632 787 536 832 936 903 
817 761 842 613 547 764 864 606 937 863 678 853 505 588 879 
964 572 637 993 829 608 686 868 873 701 692 935 647 623 703 
978 846 806 742 523 607 745 914 835 751 993 565 653 767 630 
801 747 844 567 757 828 761 816 997 832 985 571 814 767 984 
948 907 724 762 897 705 749 995 926 879 733 562 678 903 881 
572 536 919 815 915 759 958 929 941 639 708 715 870 602 527 
894 889 921 875 726 992 635 631 774 578 662 722 632 502 547 

797 921 529 893 526 712 555 650 937 688 879 884 792 587 681 
850 548 740 802 504 955 852 938 671 933 547 645 614 762 889 
922 835 766 755 841 709 607 949 908 599 952 729 545 910 756 
764 891 670 953 572 598 567 772 911 883 770 898 949 898 938 
844 869 521 591 735 609 934 762 824 824 795 719 987 949 966 
805 650 529 753 863 816 822 728 738 563 542 672 712 659 952 
705 979 584 724 977 851 848 537 904 838 942 830 658 711 555 
618 654 990 881 760 604 817 595 587 724 538 754 994 688 505 
631 552 679 612 866 936 888 942 948 872 918 967 867 608 783 
738 779 789 848 612 832 887 645 694 536 974 778 599 801 780 
941 874 966 631 606 715 701 834 954 508 634 639 605 695 661 
603 972 904 900 511 843 715 860 956 732 957 652 718 563 698 
507 570 972 659 945 600 931 532 646 852 862 576 944 535 818 
586 641 651 808 854 516 707 666 528 911 672 582 922 833 873 
726 817 535 996 988 672 914 576 877 666 642 946 898 814 697 

891 934 712 918 680 635 981 521 915 608 906 884 991 966 710 
796 522 750 533 745 723 837 839 561 728 673 839 859 809 640 
836 539 660 560 629 543 723 570 781 612 692 623 730 765 908 
880 982 740 895 876 728 822 979 634 594 565 766 892 991 643 
701 962 558 714 506 946 775 589 756 539 726 635 972 846 588 
524 919 793 608 575 534 962 819 692 815 822 987 830 955 798 
649 675 872 819 953 784 944 595 648 817 880 501 995 536 948 
712 878 817 621 908 887 896 914 591 806 865 996 714 837 713 
809 928 938 647 956 551 787 824 760 983 564 868 884 979 853 
740 732 570 515 939 842 804 942 685 833 949 509 516 690 864 
998 750 830 888 701 955 734 739 996 975 989 510 619 993 633 
529 844 767 976 715 983 752 897 750 817 997 829 879 956 757 
955 665 706 929 931 683 577 513 687 622 792 736 910 767 811 
829 991 751 630 837 975 660 563 704 920 554 938 547 920 576 
957 601 869 963 534 910 819 730 683 721 502 525 602 942 618 

726 749 680 728 708 974 549 956 813 598 905 579 668 970 620 
728 556 777 929 851 533 958 598 609 582 898 513 956 850 515 
527 982 598 737 805 557 613 799 952 654 752 590 596 574 589 
746 923 684 960 575 737 712 529 966 986 779 570 575 936 912 
735 705 779 690 595 845 780 766 755 613 993 891 670 540 877 
752 902 665 950 683 528 767 689 966 937 674 980 561 903 593 
613 758 827 763 735 998 862 963 967 582 971 538 522 713 512 
779 838 947 851 566 685 653 611 559 844 550 577 828 759 710 
509 668 523 855 866 675 817 663 840 670 567 681 656 814 662 
678 842 578 733 826 780 965 671 594 589 933 850 615 507 537 
617 912 781 982 608 694 808 908 536 653 750 869 854 688 902 
844 695 658 696 982 727 949 802 589 758 910 573 993 675 760 
883 653 638 866 687 654 737 770 644 971 526 615 765 843 617 
902 954 584 785 715 859 760 852 985 660 570 884 745 777 929 
727 972 873 847 865 505 691 756 650 789 947 973 727 595 703 

749 820 869 858 835 756 990 931 950 735 842 557 663 768 550 
646 816 911 627 641 781 986 708 983 716 882 848 765 853 569 
657 815 871 756 875 802 677 771 564 660 675 512 773 621 995 
900 570 935 864 927 930 601 616 751 740 626 717 726 868 993 
501 613 899 955 626 921 987 735 642 919 839 573 707 956 948 
864 904 925 811 654 601 523 836 859 875 846 805 963 564 646 
805 566 756 975 968 694 892 973 982 509 640 948 521 535 900 
752 705 748 539 514 726 796 566 512 574 824 538 984 518 900 
768 725 822 937 740 719 776 773 825 674 607 977 893 756 919 
735 992 540 654 825 764 637 892 515 958 669 843 790 517 618 
972 871 713 637 662 702 560 563 561 679 897 843 632 954 757 
765 538 989 708 821 848 504 533 873 698 949 785 516 678 830 
947 550 761 803 521 634 750 613 511 608 604 719 954 860 920 
975 630 822 799 727 916 978 842 607 642 767 518 644 557 661 
812 786 984 785 738 643 692 583 768 745 892 575 887 923 943 

614 915 864 787 748 959 611 837 513 977 726 730 764 882 831 
885 828 748 882 577 600 961 797 769 586 625 514 593 517 664 
973 579 622 765 514 913 870 888 528 785 926 504 959 689 960 
595 704 522 719 579 686 724 688 847 665 860 591 701 598 913 
905 655 808 875 869 731 712 745 565 718 534 755 975 695 925 
942 706 550 979 749 508 567 638 711 922 660 903 560 935 646 
593 541 626 798 781 721 964 976 906 948 732 894 697 890 803 
770 583 794 974 759 817 604 622 579 788 810 603 987 915 823 
953 783 692 521 923 501 915 692 609 789 923 806 912 944 826 
561 860 801 975 599 846 850 886 982 835 577 830 858 765 702 
807 826 645 503 649 807 837 834 550 547 798 924 716 681 518 
529 859 994 851 876 720 527 736 775 927 998 610 608 531 703 
736 993 835 556 674 707 772 511 503 668 531 574 760 757 806 
697 789 957 680 855 687 952 805 925 880 758 621 924 764 763 
809 544 737 899 618 896 956 615 701 718 562 827 975 897 700 

684 569 842 633 686 971 665 872 649 917 744 798 719 652 556 
930 794 535 714 529 763 701 709 834 974 804 975 536 947 525 
601 623 820 972 948 563 890 735 896 904 585 759 666 851 953 
572 997 637 842 684 650 734 530 880 839 974 746 781 580 927 
589 766 643 866 849 798 622 700 959 753 726 916 760 616 567 
812 796 788 744 571 663 649 571 572 537 752 660 544 596 854 
887 939 760 714 654 948 826 883 915 993 921 632 741 720 883 
617 776 660 866 520 823 916 865 771 900 997 551 676 888 813 
596 551 597 718 865 653 889 599 705 601 742 942 690 698 795 
505 594 970 903 825 709 537 946 995 717 801 619 997 724 578 
888 733 947 569 908 514 814 897 692 668 674 998 821 819 530 
683 957 708 572 636 626 511 578 839 530 847 875 701 692 930 
873 743 877 608 897 957 950 865 570 966 599 723 699 657 906 
683 790 512 597 632 603 603 701 720 722 504 607 868 921 963 
627 982 805 649 922 916 507 519 510 831 731 677 591 979 527 

865 699 568 817 862 758 555 810 539 731 612 761 550 672 935 
891 746 720 628 816 529 903 654 525 932 716 921 518 835 794 
669 678 847 506 966 976 574 989 524 875 891 503 823 588 801 
991 649 725 790 893 736 763 644 517 576 551 520 732 642 717 
950 918 784 727 835 947 658 532 852 537 814 751 763 633 930 
845 981 727 899 945 709 579 701 589 894 991 760 821 971 617 
753 900 847 751 742 555 636 918 974 588 671 771 636 782 749 
834 592 555 758 548 970 767 975 593 522 865 585 793 716 944 
609 829 512 791 983 864 867 588 554 939 741 826 766 620 933 
746 867 706 807 818 554 674 710 862 881 662 512 717 844 982 
605 571 521 867 575 819 977 681 892 593 614 834 765 995 554 
675 950 890 963 620 635 645 527 790 824 719 758 764 809 963 
795 659 785 776 945 537 534 632 743 514 582 775 757 777 979 
960 726 731 995 997 614 949 763 949 842 801 642 521 656 553 
831 976 592 646 798 906 631 887 791 529 643 842 729 856 519 

812 629 689 713 563 557 830 788 601 864 992 588 775 997 913 
787 930 503 509 576 824 900 683 906 752 774 703 896 592 913 
648 611 856 871 666 577 741 631 787 700 546 775 858 824 511 
734 931 850 985 905 569 574 831 618 673 612 935 598 573 675 
947 717 607 969 987 571 616 650 553 600 949 671 840 893 568 
502 869 836 700 507 714 572 936 981 880 769 593 528 788 764 
983 621 750 848 919 691 539 855 672 622 660 775 642 962 574 
759 902 507 905 627 689 749 921 617 781 990 645 965 572 953 
776 839 953 609 874 853 775 651 659 600 579 985 827 519 819 
797 954 505 836 930 701 854 800 973 605 530 546 946 654 915 
659 870 880 582 926 864 771 886 787 882 647 833 880 806 653 
985 731 782 550 594 835 659 677 878 947 746 844 506 637 618 
672 821 640 507 588 864 560 995 832 712 505 523 681 852 760 
599 568 739 609 914 965 810 747 540 973 927 585 517 770 650 
543 581 780 974 673 754 680 658 908 721 707 751 804 992 780 

708 627 889 877 675 561 924 537 627 627 731 968 821 726 977 
751 696 683 862 876 616 508 917 838 782 878 799 663 765 652 
949 930 647 519 598 847 761 920 734 910 924 600 854 755 824 
897 847 838 948 609 661 979 874 659 947 546 960 673 856 911 
754 854 693 543 647 821 866 700 805 778 849 820 708 834 612 
637 867 822 525 951 890 676 670 765 619 872 560 964 927 986 
753 917 640 514 619 506 763 846 798 984 832 855 767 760 615 
508 767 718 930 923 586 679 983 881 938 769 921 800 589 829 
671 777 921 886 982 898 982 872 621 993 909 804 914 747 966 
888 794 904 546 686 661 639 746 558 747 783 828 975 550 960 
684 616 539 895 985 978 789 601 649 859 800 987 511 924 884 
982 971 873 612 728 636 876 675 886 760 973 629 628 559 934 
629 857 580 902 941 930 715 614 848 911 672 989 761 885 572 
970 840 972 606 591 773 815 810 594 673 831 914 567 577 774 
886 664 600 864 965 941 554 578 931 589 708 808 730 541 726 

842 876 777 812 622 894 523 983 561 813 930 526 826 770 909 
705 540 623 625 896 512 957 799 579 672 911 815 947 719 929 
613 530 718 916 669 988 588 512 731 923 733 527 837 619 776 
542 864 594 644 643 886 772 727 845 710 679 735 849 702 561 
995 735 972 922 862 504 866 787 626 895 618 992 898 586 616 
956 864 591 890 929 730 862 735 605 660 876 787 521 969 864 
527 652 638 862 669 565 811 776 514 661 605 782 568 575 507 
677 747 915 950 528 798 719 901 870 990 503 857 815 515 589 
757 898 510 640 654 955 835 882 525 934 774 670 811 952 979 
838 644 909 747 823 636 983 808 990 524 638 909 562 910 628 
927 798 773 803 634 610 692 691 690 847 631 976 558 501 520 
622 668 829 655 728 958 799 868 559 659 945 619 982 810 875 
589 840 623 562 850 535 811 606 667 731 532 669 861 514 673 
797 912 713 975 837 922 541 867 605 828 887 602 503 885 585 
598 777 692 949 850 598 943 556 942 756 908 579 759 644 929 