5 5
64 66 31 85 44
7 69 68 14 18
74 70 60 1 90
54 45 98 76 13
80 45 10 15 91

129 368 67 76 249 
258 369 465 294 139 
214 215 442 273 133 
396 366 286 347 241 
164 51 371 414 298 

139 148 495 482 154 
203 158 99 282 331 
37 12 275 267 426 
75 190 322 197 294 
170 378 459 231 372 

45 26 89 41 336 
433 199 177 84 220 
350 198 145 420 322 
1 490 308 185 293 
406 71 70 257 241 

245 396 255 369 138 
499 327 45 282 469 
491 233 475 282 289 
106 75 33 473 239 
123 349 156 459 497 

18 196 310 425 309 
406 1 474 396 433 
240 111 200 93 439 
36 349 212 277 75 
260 150 254 486 169 