15 15
58 93 15 65 96 69 23 82 22 58 84 26 41 4 90
60 37 66 22 74 55 86 73 63 66 64 71 32 86 51
26 95 39 46 86 95 33 26 22 26 43 16 56 90 77
47 96 21 30 18 64 74 78 75 79 63 32 80 91 29
83 76 47 41 39 91 58 82 4 61 33 70 94 95 16
41 89 12 89 38 77 49 20 3 69 57 63 12 14 93
94 63 10 70 91 67 69 64 10 38 10 66 73 78 55
85 29 66 49 90 49 89 58 94 14 57 36 30 78 38
56 33 53 92 24 49 74 1 43 81 36 45 84 31 84
74 14 38 76 76 62 16 48 87 31 63 26 64 85 99
38 31 28 8 78 9 42 41 47 38 92 96 27 30 35
89 11 65 19 36 45 36 42 69 50 6 28 74 58 31
76 72 2 66 64 52 58 81 18 56 11 15 21 37 90
83 23 43 55 6 43 51 17 43 22 96 72 23 86 61
36 38 58 84 51 95 28 35 76 80 63 52 72 17 50

247 7 449 242 220 144 40 491 64 137 17 470 19 115 292 
56 244 460 233 434 187 51 202 392 461 122 228 323 320 317 
484 140 311 144 230 45 474 282 33 295 371 304 209 432 235 
47 430 199 269 86 38 392 12 367 219 482 85 125 188 192 
273 409 44 164 343 55 301 138 368 62 240 136 279 464 216 
473 478 486 76 129 404 460 103 86 124 147 393 361 111 248 
215 6 108 374 59 35 497 495 474 219 27 498 62 374 84 
450 260 370 456 110 362 19 49 28 70 394 30 498 215 297 
370 59 40 207 266 137 23 388 200 205 390 14 467 223 76 
410 492 421 467 213 232 470 27 214 95 329 401 391 172 150 
20 3 217 150 65 132 358 460 379 222 202 161 483 275 159 
433 319 479 336 439 227 470 420 61 115 69 434 425 119 434 
411 121 34 155 316 313 485 397 57 112 51 113 150 407 371 
462 163 420 476 373 40 363 209 191 205 375 307 465 401 490 
182 212 316 213 128 288 269 241 113 97 323 30 45 461 10 

423 496 436 356 284 471 326 376 177 234 176 219 54 239 416 
331 414 399 294 64 245 385 325 169 186 250 265 435 232 350 
470 289 499 462 250 280 274 134 315 379 228 274 201 304 330 
167 172 489 122 423 270 360 64 281 85 69 461 37 345 40 
170 77 356 349 145 115 95 281 177 140 478 477 77 267 227 
39 362 164 58 452 268 155 336 56 113 207 24 453 121 480 
441 454 58 485 36 349 186 88 169 351 480 340 228 394 343 
28 412 259 274 11 20 483 17 138 249 167 78 22 60 403 
219 91 386 355 176 229 359 29 327 58 269 320 296 158 359 
469 93 13 159 380 477 203 52 44 267 452 8 302 459 324 
69 95 170 322 50 432 288 417 333 118 183 48 81 102 287 
216 1 100 431 398 367 395 248 412 246 379 192 479 424 112 
56 169 233 12 159 89 168 372 99 338 456 124 206 328 353 
448 154 393 198 13 227 415 161 72 320 436 403 362 204 25 
409 298 24 259 14 416 166 6 118 496 34 194 485 349 298 

378 160 15 1 473 428 375 54 281 271 417 350 12 400 488 
23 186 393 48 179 425 204 475 75 382 359 213 487 95 203 
46 444 73 364 39 468 23 246 68 112 79 171 484 115 353 
43 85 78 306 51 414 131 21 126 152 143 364 293 81 177 
57 162 199 282 322 206 153 360 491 338 360 381 156 358 102 
48 74 152 228 393 400 289 109 476 89 148 419 79 262 16 
439 93 64 446 189 58 367 298 286 456 311 191 498 128 494 
66 316 283 289 94 441 196 374 37 177 232 241 333 288 223 
291 215 181 425 200 283 215 389 298 211 289 147 53 134 119 
319 2 366 211 4 493 483 243 92 252 161 366 73 474 251 
212 388 211 11 112 219 487 23 27 310 91 292 252 350 60 
223 118 285 133 233 101 92 399 288 162 188 24 343 59 469 
211 253 275 136 44 326 488 375 170 86 147 325 164 207 345 
112 285 147 219 329 479 450 145 362 1 480 93 126 425 192 
416 431 456 259 408 41 224 21 180 213 291 222 1 168 92 

32 288 357 47 439 52 85 194 43 260 40 90 298 233 442 
88 203 406 283 339 485 470 248 196 444 272 421 212 35 61 
79 226 386 65 170 50 370 89 37 384 448 111 364 39 317 
416 478 478 300 275 63 198 434 29 452 283 421 311 373 39 
13 101 331 316 57 195 252 373 420 245 400 267 172 479 492 
397 141 340 360 282 486 389 177 401 383 250 22 30 370 83 
27 376 35 463 394 137 22 250 145 7 325 31 321 395 234 
45 303 220 131 30 268 102 63 55 75 68 68 269 149 117 
431 106 312 486 137 204 241 255 377 17 37 407 431 109 390 
67 463 42 238 287 313 380 34 141 106 229 241 307 341 391 
257 199 149 157 490 76 85 111 249 353 446 247 492 2 397 
486 369 262 368 124 480 415 87 422 153 182 71 443 467 209 
344 301 106 376 434 300 417 250 15 75 362 416 370 108 405 
128 410 117 96 371 9 463 358 145 467 142 9 409 38 7 
283 163 309 400 387 331 392 221 459 469 32 403 217 431 335 

216 345 361 88 135 235 394 429 148 380 6 259 484 300 97 
334 136 279 95 105 322 12 113 212 199 479 311 217 439 182 
292 337 110 318 469 268 225 428 345 256 431 252 93 150 441 
237 230 54 236 447 14 463 231 153 241 405 273 124 208 437 
198 16 99 4 82 69 363 391 329 218 370 105 406 77 370 
490 290 127 69 3 391 150 474 118 372 316 380 154 292 307 
328 53 313 390 498 321 37 109 79 310 244 170 469 342 74 
288 257 125 105 367 199 283 40 314 296 424 200 352 311 126 
61 459 23 262 297 61 354 170 477 411 489 43 413 40 325 
122 20 182 13 11 417 497 487 156 183 226 350 278 241 137 
50 295 426 49 399 336 311 224 110 275 409 50 178 226 173 
140 116 223 260 246 204 230 185 339 359 413 200 199 458 405 
283 232 377 394 302 395 193 355 210 395 322 113 239 499 41 
216 183 275 422 6 80 488 60 413 393 225 430 29 55 85 
157 36 40 461 409 261 206 383 375 172 169 393 314 67 255 

376 112 377 265 204 287 222 137 416 124 429 120 338 25 283 
453 169 107 382 385 344 248 233 3 351 60 499 232 359 201 
209 22 254 451 24 388 169 299 224 166 34 484 22 54 115 
116 424 332 187 445 219 335 381 215 111 41 88 400 167 396 
437 327 324 82 215 31 315 285 457 163 425 245 260 404 104 
197 115 325 455 427 113 36 438 155 224 46 92 45 412 190 
458 356 260 456 208 85 10 397 416 314 350 362 397 341 472 
401 104 57 145 189 192 106 182 63 408 23 353 490 203 440 
289 91 243 473 100 488 63 177 471 305 345 175 56 229 443 
46 295 108 331 494 100 62 298 58 199 143 468 451 260 22 
173 410 95 128 358 68 18 197 421 479 102 140 275 488 158 
420 44 68 393 366 385 154 28 384 245 279 241 321 147 396 
181 139 415 472 447 345 311 43 93 209 235 10 488 280 70 
281 166 63 24 136 150 351 8 113 54 403 63 113 335 168 
332 293 354 176 45 18 215 235 152 399 216 232 202 96 19 

284 477 350 477 231 115 62 383 351 191 68 248 315 42 51 
237 406 360 239 7 303 150 238 64 99 293 139 9 84 285 
87 381 472 329 270 463 450 367 372 377 307 253 355 75 271 
352 443 20 296 59 423 55 70 350 67 147 236 339 6 432 
457 274 160 119 87 324 75 458 39 32 495 276 130 336 321 
14 24 472 274 157 153 101 3 459 292 464 282 485 439 404 
490 464 298 187 136 462 374 40 115 73 410 198 174 229 358 
225 383 437 41 243 314 404 39 42 138 450 351 212 216 248 
424 342 465 44 299 356 119 76 193 231 344 285 173 144 378 
463 232 178 119 354 22 313 407 16 369 263 167 172 251 364 
140 5 397 289 443 422 365 160 437 46 458 27 470 126 346 
112 218 256 298 326 381 96 346 231 47 477 53 309 395 331 
98 407 54 238 399 175 350 369 390 4 71 185 471 195 298 
248 21 436 462 388 228 295 17 323 186 279 440 468 480 123 
188 300 403 401 189 331 314 279 395 431 54 268 61 375 90 

16 111 385 383 496 485 438 300 229 391 68 337 183 47 346 
117 235 375 359 474 118 411 310 235 76 374 313 474 403 126 
334 149 304 232 467 279 451 344 345 354 135 460 302 474 336 
228 424 425 466 74 164 425 273 234 134 344 270 356 238 219 
83 346 362 105 139 344 483 141 76 44 229 158 217 49 425 
231 33 321 360 333 278 189 135 322 89 455 22 21 147 85 
224 180 453 118 88 216 11 424 31 240 78 209 192 96 252 
260 55 13 304 407 364 270 110 103 311 308 375 84 343 68 
283 172 410 240 157 285 15 40 386 486 250 294 343 325 12 
66 150 400 382 51 285 352 282 70 434 115 324 443 188 65 
289 421 451 383 219 53 139 103 295 268 247 225 427 440 53 
105 71 275 145 342 148 329 400 475 450 192 235 255 127 160 
497 41 150 236 241 449 487 301 110 382 408 484 433 450 168 
383 117 378 88 271 34 408 302 143 216 25 167 325 168 268 
335 210 397 96 183 319 456 328 89 292 377 438 325 343 342 

452 193 201 417 215 346 389 369 176 323 295 417 393 54 11 
49 338 300 63 142 297 333 35 206 78 426 167 490 366 358 
293 158 108 124 355 20 90 229 222 177 147 395 157 391 271 
491 311 433 412 5 281 444 21 43 391 304 425 67 257 105 
364 51 496 387 116 225 258 321 464 75 182 30 290 112 98 
346 341 121 379 15 316 409 209 297 489 150 153 239 360 139 
414 323 231 185 57 281 229 61 20 346 18 195 199 477 10 
393 406 201 315 89 472 277 65 164 449 321 243 20 127 229 
221 198 92 119 57 491 320 210 92 346 283 348 160 106 420 
482 291 447 65 99 434 173 15 98 483 387 247 99 145 281 
355 188 304 278 52 131 432 489 48 437 431 423 180 359 105 
271 177 134 189 428 13 301 492 63 448 265 193 346 403 410 
211 282 28 231 385 57 383 45 20 80 266 302 84 247 422 
377 398 462 37 225 242 59 51 439 432 301 186 417 159 232 
153 497 245 472 182 450 108 189 165 281 54 12 138 337 386 

447 329 207 491 408 414 13 496 224 411 247 399 201 310 69 
193 128 60 154 52 313 206 308 307 127 222 387 416 134 286 
391 401 278 187 357 209 443 77 182 92 301 380 312 338 406 
229 494 451 195 346 259 435 151 494 127 339 67 480 419 455 
74 301 279 127 39 475 355 449 229 141 190 131 273 392 498 
495 457 170 403 267 215 233 239 350 376 86 158 58 102 250 
159 37 390 264 85 175 162 20 282 223 348 386 183 451 130 
287 137 271 312 122 436 258 463 452 418 187 462 449 152 283 
278 187 197 349 6 37 411 17 283 364 168 458 223 465 318 
76 237 306 242 293 232 216 227 112 69 367 25 137 217 208 
292 133 464 281 19 220 89 93 208 382 415 197 393 3 130 
333 392 450 263 34 181 456 326 375 12 357 82 58 439 40 
110 417 426 23 60 475 406 170 67 280 157 4 11 490 322 
137 383 391 292 458 137 247 280 264 259 401 399 55 1 319 
223 201 175 378 123 223 177 174 212 171 344 210 59 159 440 

55 298 31 465 402 166 199 46 444 446 335 411 68 137 61 
302 466 256 177 83 165 257 304 52 475 462 237 210 494 487 
126 82 129 73 104 18 302 346 335 11 316 161 78 195 373 
284 323 370 176 431 201 9 140 15 497 293 470 395 388 463 
345 118 43 185 150 288 230 229 183 132 275 303 117 275 143 
334 264 462 62 200 355 454 402 340 32 81 280 392 328 480 
372 442 361 319 81 355 77 365 452 230 39 473 301 152 418 
432 291 121 417 270 144 375 41 466 255 97 37 463 262 160 
218 319 65 260 374 371 269 103 130 209 459 403 393 430 232 
114 53 24 382 300 181 376 217 162 69 470 353 150 376 130 
268 138 472 456 166 274 373 350 135 199 28 418 1 9 11 
390 223 458 161 355 317 328 446 169 198 472 233 357 460 295 
1 26 356 281 74 59 485 317 292 416 156 494 226 410 389 
313 400 382 220 477 15 403 256 214 354 201 361 246 337 253 
445 265 244 73 27 322 156 337 53 216 233 88 296 184 484 

131 370 126 354 101 86 307 213 471 90 432 338 141 483 128 
232 409 459 444 174 391 7 73 76 404 256 195 330 14 119 
214 301 233 369 154 122 228 439 197 128 268 419 25 7 239 
332 138 497 272 457 24 280 237 251 10 240 380 252 342 337 
96 403 102 201 258 179 279 490 215 310 358 55 356 420 462 
193 142 173 257 54 156 370 35 250 437 387 320 6 190 136 
152 488 240 176 285 78 40 211 313 281 229 347 232 179 427 
414 248 90 120 448 475 216 273 202 19 422 154 179 156 466 
229 260 183 256 339 203 294 38 266 109 85 209 195 92 493 
146 234 263 63 189 470 227 438 61 490 288 492 22 292 290 
407 260 258 58 397 172 263 147 261 372 129 345 446 29 238 
415 394 87 6 221 472 280 204 338 465 141 477 166 53 311 
470 204 317 438 332 66 302 40 262 35 97 459 369 285 2 
49 308 38 497 35 267 286 435 25 491 240 181 235 490 414 
69 13 102 432 358 391 126 58 487 494 457 295 162 362 107 

353 298 221 86 420 174 359 304 178 24 248 185 480 398 339 
367 259 375 169 326 493 481 163 346 463 239 71 26 425 194 
33 317 371 357 99 451 176 147 249 335 392 388 231 327 322 
241 181 174 396 60 485 38 249 297 491 452 482 375 99 466 
433 416 251 150 135 452 432 341 178 437 89 343 164 401 272 
334 20 283 257 90 162 227 332 389 148 256 366 344 481 340 
163 289 286 7 112 76 189 87 357 461 183 399 474 54 93 
363 2 221 77 366 185 34 111 374 248 423 229 236 233 190 
233 150 35 380 324 94 473 460 377 37 340 302 202 188 397 
133 51 37 242 103 124 488 495 369 349 456 185 227 228 485 
228 386 49 419 74 33 196 401 101 312 370 495 240 434 91 
284 260 349 228 455 20 250 404 44 335 239 469 286 385 168 
284 216 209 62 148 142 353 389 276 201 17 112 176 332 100 
317 74 167 157 493 264 288 123 453 478 237 158 428 276 242 
155 2 222 378 117 168 257 488 442 357 480 50 371 14 209 

265 409 229 396 239 438 218 91 475 406 253 168 190 379 30 
371 385 282 120 246 429 338 318 416 8 16 285 169 181 444 
334 26 206 409 30 400 44 69 164 247 230 24 123 232 283 
42 36 209 94 187 187 274 316 25 24 91 408 59 428 464 
72 144 160 340 103 333 53 255 84 67 455 387 476 130 93 
433 180 186 454 76 21 132 280 197 473 231 206 187 181 150 
327 151 460 114 20 3 157 35 478 325 267 324 155 380 127 
217 450 330 322 357 138 409 123 412 275 381 297 408 287 434 
232 76 444 160 127 3 236 385 181 132 30 318 67 345 362 
435 484 469 28 50 152 194 331 277 466 65 36 234 177 202 
52 334 475 391 71 283 54 171 301 163 32 449 377 76 257 
76 279 241 217 74 42 62 431 66 74 454 154 107 25 375 
383 268 280 98 125 19 54 209 115 480 257 64 138 43 84 
42 388 202 109 372 254 53 475 135 241 221 295 455 496 78 
141 164 129 246 333 330 266 402 454 145 336 246 291 417 483 

199 437 178 486 436 269 396 125 193 199 496 100 13 426 120 
428 96 317 120 264 64 404 444 153 55 243 453 470 327 48 
259 353 72 289 471 92 374 70 57 482 8 352 19 429 47 
71 314 149 381 129 39 6 454 473 260 454 426 218 292 292 
85 445 200 191 109 438 322 369 207 459 318 211 85 406 174 
65 58 494 329 142 297 475 439 165 415 5 94 362 150 34 
357 22 424 349 453 488 360 432 123 421 401 328 150 271 194 
53 416 461 305 279 485 306 83 84 390 211 401 297 213 292 
274 45 227 407 275 108 171 20 246 476 482 236 465 185 83 
229 484 279 51 254 389 355 93 269 124 106 417 470 238 252 
302 1 150 392 11 22 377 456 121 163 40 19 346 214 446 
335 487 438 142 328 25 162 15 236 303 312 238 87 384 157 
258 223 28 59 235 140 219 117 388 414 22 172 408 43 104 
268 461 86 241 458 385 384 485 78 430 14 248 72 138 337 
47 479 63 133 59 219 159 344 487 7 453 438 268 46 57 