15 15
53 59 68 53 34 21 52 9 12 30 46 82 54 3 70
68 71 96 7 24 49 69 92 50 31 29 99 63 39 3
63 1 59 88 86 58 76 55 76 77 88 55 8 74 29
62 88 4 52 33 61 57 39 16 46 63 51 41 21 57
48 99 7 8 83 14 85 30 79 76 30 8 83 56 75
87 76 83 56 61 21 11 62 42 1 31 15 60 57 32
73 51 3 59 24 49 35 95 17 17 81 58 94 36 18
24 45 74 70 49 6 62 84 5 6 99 50 13 32 50
79 51 83 51 99 12 66 42 76 22 34 11 33 30 41
3 47 75 98 87 33 10 70 25 30 61 85 33 21 98
57 35 38 25 30 30 82 19 4 48 95 28 70 92 41
28 92 18 81 3 82 85 8 58 95 62 24 55 84 85
22 26 61 63 37 20 43 92 20 59 26 28 27 28 25
32 96 6 92 3 40 12 23 58 33 61 24 77 35 57
68 46 45 6 8 53 14 60 99 61 28 2 82 63 95

915 541 627 712 513 747 511 869 677 555 855 695 942 704 559 
866 866 573 869 658 671 552 565 778 834 501 902 689 859 910 
586 764 629 712 520 648 631 801 652 840 819 661 949 596 799 
543 759 533 516 693 751 543 824 709 942 948 958 953 744 569 
586 755 666 636 623 957 888 547 566 592 753 611 503 612 887 
732 775 553 578 814 557 896 760 790 557 537 794 814 538 648 
821 728 727 901 960 501 818 892 805 620 771 885 553 741 894 
884 730 627 720 759 808 689 742 695 559 641 680 604 855 794 
793 959 829 513 759 993 753 525 924 786 754 513 587 787 527 
980 536 667 575 551 594 502 828 584 918 699 862 752 543 920 
886 618 506 827 752 684 655 650 762 671 554 554 921 865 731 
855 553 620 940 590 971 895 619 944 544 770 968 733 649 572 
749 532 900 810 755 873 541 919 899 726 587 796 713 781 790 
516 904 987 658 511 666 962 591 617 567 719 529 622 873 937 
825 914 944 524 981 619 731 967 786 663 911 825 892 895 953 

890 822 614 672 888 849 577 742 885 508 954 714 821 582 751 
990 917 503 612 588 677 952 598 695 775 884 593 756 780 666 
745 557 561 651 904 792 995 554 802 898 770 815 513 698 839 
929 936 806 954 621 613 577 787 684 925 502 670 812 981 518 
532 852 532 590 514 818 747 897 984 923 597 562 881 513 697 
539 767 912 806 560 555 694 984 843 976 844 808 997 997 824 
932 549 743 799 995 855 879 912 894 507 589 807 651 775 988 
555 742 793 532 829 765 724 590 528 692 800 594 997 978 583 
587 961 728 946 915 629 940 546 652 734 801 604 556 909 520 
799 949 569 834 567 683 568 908 593 778 847 682 848 880 501 
621 691 570 850 878 961 658 682 879 633 669 740 876 848 597 
823 670 806 632 866 634 867 998 780 878 863 607 519 875 613 
720 908 668 698 872 693 942 609 773 956 658 625 931 628 799 
611 602 788 528 938 735 995 641 741 923 961 676 818 512 566 
995 987 939 970 788 506 799 850 547 911 791 620 819 630 815 

847 623 756 544 688 691 518 514 790 799 904 561 638 702 644 
834 598 512 516 947 598 689 590 502 716 597 816 699 756 916 
987 763 674 622 642 691 873 716 739 523 694 987 690 527 837 
803 967 765 719 527 915 775 827 861 748 604 648 615 753 909 
516 901 765 629 670 524 737 776 691 897 728 844 776 703 921 
544 982 580 631 624 701 842 674 599 788 601 774 601 878 845 
825 855 886 679 741 764 796 672 730 590 647 949 832 798 573 
790 688 637 755 536 505 526 700 726 643 782 649 836 639 947 
975 661 539 802 909 598 810 985 819 899 544 681 553 861 873 
860 909 544 583 896 702 767 994 619 728 628 696 830 716 601 
790 835 697 628 819 563 842 832 561 936 889 745 756 792 843 
826 996 898 621 976 725 513 994 851 978 873 545 955 704 936 
867 870 993 526 525 796 933 621 968 690 671 621 586 619 709 
761 782 635 922 992 508 888 615 603 609 503 742 794 987 532 
760 731 505 964 874 582 538 596 701 996 890 732 577 776 743 

558 738 523 740 980 826 625 827 742 991 983 797 809 704 916 
615 652 629 757 983 601 530 738 829 549 979 590 861 873 533 
528 932 798 603 719 651 713 819 720 726 949 647 950 897 821 
514 933 885 514 983 968 550 661 644 861 773 635 523 924 646 
760 577 588 934 949 895 764 737 654 993 948 729 600 637 764 
580 716 796 813 590 611 893 879 628 756 592 804 663 522 995 
974 794 731 536 656 793 603 857 674 862 712 787 544 944 600 
874 907 900 542 800 681 800 555 658 871 912 683 902 969 667 
805 840 868 987 516 540 560 577 803 881 715 615 956 961 502 
912 883 633 862 732 920 652 871 645 597 745 873 729 643 918 
776 983 572 604 786 834 699 573 953 915 953 854 610 767 901 
901 918 552 609 865 563 526 523 788 703 786 845 598 530 512 
940 789 879 898 804 619 921 695 747 936 634 540 577 744 824 
602 570 659 851 700 872 921 670 819 705 602 703 548 532 816 
813 569 601 769 575 877 691 511 564 726 757 627 989 566 971 

730 530 928 891 735 909 736 980 895 699 833 821 542 526 581 
903 968 914 946 815 927 704 729 971 773 854 882 508 896 908 
625 604 619 980 813 565 615 630 576 904 564 609 992 816 658 
602 568 547 788 542 928 716 919 596 780 805 559 652 622 959 
701 837 596 896 666 983 642 802 620 904 933 650 932 975 530 
939 630 964 831 635 799 790 960 592 945 566 593 700 523 919 
622 732 533 572 627 778 981 897 693 829 866 610 623 812 987 
902 903 747 863 667 660 963 517 964 578 807 701 628 899 768 
712 691 959 634 975 993 531 511 614 940 773 815 886 664 943 
717 858 915 889 926 565 846 836 766 832 851 904 920 795 514 
564 817 884 792 732 855 941 622 591 728 662 933 937 908 930 
790 792 573 748 573 917 867 762 527 738 763 686 562 528 515 
861 531 635 705 947 899 879 534 591 568 843 599 872 877 576 
886 904 557 692 975 932 960 771 696 581 551 899 774 990 688 
789 878 510 884 938 816 622 643 763 797 776 619 964 688 785 

565 873 996 821 694 958 758 629 844 562 795 857 892 592 796 
515 822 609 990 778 898 778 528 693 706 561 730 714 941 690 
546 609 595 535 622 836 789 959 660 551 614 541 911 552 663 
502 955 923 537 983 831 570 561 604 958 518 683 873 890 963 
856 916 664 976 825 585 660 879 564 632 819 893 952 659 935 
874 862 525 984 699 834 725 659 509 952 924 698 700 767 668 
683 587 604 527 982 847 651 686 992 928 818 947 653 545 802 
687 636 520 736 720 552 646 963 989 703 644 991 558 585 604 
581 886 636 965 669 940 526 553 631 961 972 528 706 661 576 
622 871 584 681 980 541 704 786 980 958 748 667 819 642 791 
918 984 994 988 840 715 779 663 952 524 708 606 922 917 830 
936 689 960 877 866 864 668 946 810 918 882 511 513 684 908 
625 688 966 622 880 890 807 710 952 741 749 995 603 994 960 
941 631 915 652 631 564 898 879 806 989 586 811 843 670 807 
858 569 515 610 622 562 748 585 560 607 610 773 596 873 921 

923 650 501 709 825 718 709 534 992 823 989 972 979 579 521 
551 748 673 944 524 647 528 643 610 668 883 735 923 656 730 
561 508 717 973 957 968 980 980 521 684 680 638 932 570 830 
732 596 799 589 561 512 786 813 996 689 883 526 739 592 638 
768 783 784 801 754 605 805 864 744 552 866 869 526 893 947 
623 620 551 547 829 798 965 599 702 878 541 694 695 859 577 
568 728 816 699 513 878 887 578 720 663 931 857 872 640 682 
719 560 902 646 599 792 609 978 907 823 716 834 790 686 511 
514 910 692 834 709 583 873 961 859 924 760 984 617 885 953 
925 565 690 653 647 575 719 867 765 739 839 714 901 559 534 
656 831 573 940 775 913 929 729 609 965 921 970 669 803 806 
825 778 707 603 953 545 593 898 599 849 501 911 669 524 521 
982 921 944 942 796 553 682 726 507 800 981 743 710 632 800 
879 680 590 601 820 708 575 577 643 716 608 825 735 605 503 
709 649 985 512 708 756 889 672 891 858 602 853 563 876 793 

878 669 814 915 734 681 616 552 518 687 594 970 570 606 985 
666 924 562 724 693 637 653 742 652 580 587 951 536 705 740 
900 893 772 747 904 934 519 568 567 954 575 901 855 987 818 
780 539 705 992 643 653 786 663 961 691 885 772 822 562 813 
769 670 636 618 587 872 792 823 969 626 907 857 891 805 775 
575 658 836 881 870 739 779 867 582 721 691 641 831 822 724 
954 638 810 860 820 707 636 959 710 998 882 707 979 575 739 
873 931 743 978 851 763 987 885 758 553 816 893 819 687 860 
559 642 873 926 921 795 860 715 504 720 978 539 564 751 782 
545 811 932 738 651 628 959 789 923 773 664 538 765 968 816 
616 995 525 932 894 734 747 757 765 619 856 549 939 722 931 
867 780 514 725 994 714 666 788 977 830 596 998 930 851 844 
978 585 714 876 824 917 970 697 985 838 747 735 740 956 549 
673 583 721 869 785 914 812 624 542 866 610 814 976 952 636 
551 815 815 889 796 826 932 735 931 571 879 671 950 631 843 

648 878 594 516 542 689 816 549 946 824 998 846 743 631 804 
828 981 663 771 752 746 581 894 964 725 889 863 963 717 684 
767 795 851 571 715 837 857 614 630 661 537 721 842 847 522 
859 651 973 536 984 974 568 675 816 779 571 757 831 905 670 
581 739 905 848 938 708 738 619 751 974 877 894 927 903 933 
578 626 923 509 915 820 901 794 972 538 568 579 769 666 744 
557 533 704 519 835 739 994 985 723 619 942 834 557 996 895 
779 501 567 936 625 542 978 592 838 780 826 756 977 652 867 
871 643 677 833 673 842 560 898 709 719 706 774 686 803 684 
776 829 811 550 856 629 543 624 503 759 806 974 977 524 752 
652 581 691 536 767 943 975 744 709 698 780 618 677 534 651 
636 867 520 574 894 887 906 990 916 906 807 727 916 815 725 
712 806 975 787 542 884 612 994 927 943 768 531 862 688 579 
880 987 837 569 940 722 979 979 698 640 612 746 527 746 906 
809 515 858 625 675 917 611 515 709 620 531 569 745 887 519 

669 990 772 751 876 903 787 732 534 567 853 883 587 537 654 
829 924 893 506 539 821 978 555 921 901 756 991 620 527 899 
682 595 612 810 686 761 726 932 804 526 524 574 789 581 705 
636 613 509 819 661 790 513 679 798 678 558 752 614 704 829 
829 644 603 520 771 642 852 782 597 747 746 758 658 851 719 
528 967 990 820 790 523 531 937 586 769 791 860 595 786 967 
722 577 909 743 960 972 635 986 548 860 613 924 762 603 860 
843 690 873 985 670 817 637 936 643 947 814 916 864 591 728 
657 844 815 826 884 799 788 554 705 905 577 961 674 714 632 
807 523 528 961 504 688 911 573 927 853 756 996 889 816 573 
773 992 657 908 952 535 836 817 715 684 825 698 614 828 569 
990 537 724 878 687 704 658 881 635 602 571 585 679 542 766 
770 911 680 740 529 808 826 725 708 528 947 673 952 868 949 
971 718 925 590 663 873 916 522 501 978 991 873 768 560 994 
876 816 769 689 696 835 759 649 692 511 730 823 647 898 530 

744 532 588 519 588 694 642 518 762 860 791 711 673 576 544 
850 736 860 977 644 954 969 777 777 663 556 652 949 874 592 
695 648 826 942 616 580 982 840 680 610 916 843 726 794 707 
746 741 863 849 919 550 516 964 933 675 511 733 570 705 877 
532 551 581 692 509 905 908 911 577 667 777 798 565 754 533 
893 828 668 926 803 831 908 731 841 775 855 527 632 593 717 
636 934 588 550 652 582 861 962 681 963 537 833 503 958 632 
942 666 712 863 969 931 759 933 632 885 929 913 938 678 724 
724 743 807 755 574 776 908 966 897 719 699 841 678 710 635 
701 538 863 928 559 768 707 522 709 945 793 649 764 677 902 
882 916 664 561 540 732 989 826 867 766 745 936 802 963 763 
917 530 809 782 904 778 867 573 857 815 544 517 577 775 829 
730 982 986 600 834 620 772 728 880 853 517 948 792 542 808 
680 662 799 903 995 690 639 658 648 718 866 791 699 849 778 
913 908 883 924 625 602 878 509 933 961 518 619 716 786 623 

948 964 700 563 821 677 813 918 779 706 771 968 792 740 971 
681 544 636 747 837 614 997 560 699 742 923 792 717 598 635 
956 974 594 742 510 548 589 825 616 580 607 848 835 677 931 
586 727 881 940 630 789 528 511 591 792 689 619 591 673 729 
702 656 701 923 634 625 978 926 925 700 896 710 941 624 901 
712 636 535 933 832 619 598 934 689 984 758 989 759 524 975 
613 827 932 659 697 555 678 558 555 552 823 603 501 887 509 
950 746 799 562 683 915 677 501 564 861 747 521 595 979 762 
852 782 579 931 981 708 991 905 522 664 648 528 783 673 610 
596 940 724 504 897 846 632 503 877 586 746 912 586 589 639 
878 602 840 841 715 668 508 714 509 630 890 584 517 877 511 
982 782 549 740 600 732 575 845 586 595 868 987 998 977 902 
528 763 988 671 637 607 672 691 737 566 666 550 537 710 794 
563 506 782 872 878 854 526 810 627 917 570 650 609 806 796 
617 715 530 696 542 615 761 806 680 870 883 828 906 542 807 

601 555 634 644 599 944 598 880 576 770 531 846 781 977 635 
570 864 798 996 845 777 726 947 892 939 523 662 625 541 624 
899 691 764 973 968 534 706 752 726 901 996 655 607 967 828 
784 899 898 600 935 596 538 674 728 721 952 628 814 768 900 
557 870 509 650 529 896 682 610 960 559 577 630 779 899 611 
864 973 836 501 862 566 747 553 616 839 855 852 613 964 586 
743 951 554 519 734 611 896 846 656 542 775 531 676 837 686 
508 668 685 796 743 760 510 835 772 556 889 768 714 718 816 
778 821 668 760 863 876 771 854 876 820 743 587 961 869 677 
604 776 821 711 727 951 752 668 830 966 785 987 552 653 585 
578 662 753 919 619 857 882 958 717 686 871 841 905 586 577 
701 764 743 597 798 753 893 914 504 867 958 546 664 633 870 
905 574 809 570 734 921 629 972 706 689 507 881 623 761 604 
504 983 629 622 743 864 752 906 883 607 636 871 597 742 735 
946 793 512 731 609 932 668 825 561 929 767 979 772 944 835 

677 559 511 722 702 567 867 890 822 909 961 838 978 881 992 
965 766 568 575 740 536 780 720 633 588 747 617 659 951 613 
615 534 523 689 826 753 855 746 975 605 962 969 862 550 701 
622 820 890 910 512 819 745 684 537 764 501 709 942 595 900 
692 716 529 588 870 973 619 995 581 550 965 771 969 641 549 
946 696 636 530 556 699 926 660 665 518 640 626 837 604 843 
544 977 917 792 663 863 724 774 777 923 519 924 578 645 562 
847 526 635 755 598 834 603 892 971 632 771 692 560 646 567 
832 778 743 775 827 718 730 560 862 687 611 805 602 604 885 
787 772 642 718 794 926 706 752 530 777 938 794 811 590 607 
755 756 768 641 737 560 754 556 968 836 943 993 929 692 677 
698 961 675 821 891 891 711 809 609 629 781 708 742 708 578 
875 781 725 563 845 611 690 775 502 678 813 846 990 865 631 
746 921 846 759 659 782 913 848 842 658 531 531 713 827 542 
675 973 747 787 983 961 675 718 715 715 812 515 617 531 515 

656 639 753 580 617 775 553 581 596 764 804 858 814 830 823 
739 563 853 814 574 717 593 583 944 801 651 803 839 767 663 
909 602 712 645 760 760 506 955 888 842 713 910 887 788 987 
860 788 533 631 508 503 664 912 960 580 719 672 648 612 741 
755 781 818 903 823 898 918 510 716 646 794 882 851 724 627 
510 584 747 937 620 837 532 640 561 908 762 709 792 880 607 
732 812 534 934 763 655 800 756 755 506 543 943 963 681 684 
823 865 823 732 782 791 925 719 658 633 892 729 738 968 806 
508 555 523 688 745 530 692 638 859 920 560 832 682 967 931 
807 994 991 744 614 998 710 666 913 874 683 978 982 556 617 
953 763 603 888 759 842 830 825 634 816 838 992 770 663 646 
873 794 874 828 910 856 744 626 871 575 608 683 661 878 861 
615 989 501 989 647 846 634 501 550 883 645 663 704 967 986 
799 527 701 561 554 920 839 674 535 759 542 928 719 528 667 
709 654 723 963 571 559 796 875 946 795 696 942 593 988 737 