5 5
66 45 64 31 35
78 44 36 66 71
75 53 81 91 5
25 77 38 79 60
12 83 81 37 93

458 268 363 486 456 
452 227 88 412 223 
340 106 29 217 65 
108 422 130 165 30 
449 227 309 28 337 

440 441 180 99 434 
233 95 423 366 231 
20 75 338 279 403 
375 257 327 395 493 
489 131 157 390 235 

404 460 185 63 143 
113 303 481 218 72 
225 187 436 148 358 
226 487 206 299 112 
445 272 40 450 457 

394 254 304 285 478 
121 2 137 112 421 
269 458 71 484 123 
390 353 436 433 41 
480 405 280 380 265 

276 46 413 134 179 
115 332 342 497 471 
261 270 85 313 420 
417 58 163 456 252 
43 401 179 149 198 