10 10
48 2 96 67 68 47 52 83 69 51
86 29 96 16 60 57 22 12 92 26
24 87 70 6 65 86 96 64 38 90
31 89 62 67 37 69 66 91 71 17
56 29 72 20 46 12 52 46 8 12
11 97 62 46 83 55 67 37 86 60
53 44 44 93 40 33 42 85 95 25
49 86 55 93 80 29 97 67 3 18
38 28 39 97 53 94 38 18 6 72
31 50 41 84 82 83 73 34 95 34

221 224 449 354 321 353 403 244 159 188 
297 44 467 454 62 34 129 65 436 243 
91 411 334 61 266 196 205 30 147 109 
215 469 331 13 387 303 437 360 488 71 
92 471 173 164 357 362 13 190 474 268 
85 33 15 85 99 488 312 257 494 96 
257 299 170 92 239 286 288 182 81 4 
419 428 457 159 387 152 97 29 20 332 
165 124 333 30 450 472 471 1 302 217 
280 60 495 101 448 492 282 329 21 283 

50 269 350 213 70 471 238 439 319 448 
98 482 341 394 53 121 6 292 464 361 
240 62 334 7 224 237 125 289 235 140 
269 433 241 281 264 68 153 157 451 104 
195 450 79 188 58 402 59 113 383 328 
224 5 300 499 31 497 196 213 291 294 
27 170 421 138 382 457 401 196 246 335 
423 380 54 403 456 1 254 482 338 168 
330 90 203 133 356 347 461 117 161 301 
336 40 16 451 357 491 231 451 78 275 

95 127 229 120 138 282 308 441 428 405 
166 173 269 216 29 241 259 458 440 170 
231 397 459 243 262 17 26 419 368 249 
449 440 152 436 255 250 478 13 198 214 
470 157 210 79 290 375 348 8 327 493 
374 55 199 236 349 461 30 322 264 85 
187 40 155 70 346 430 66 494 378 239 
245 44 178 336 246 358 344 61 284 111 
328 476 143 42 48 106 429 25 73 457 
446 125 219 375 178 157 261 182 106 442 

324 106 76 224 441 205 483 79 477 57 
295 64 5 206 419 490 250 377 104 89 
493 211 45 443 199 300 476 465 173 306 
377 174 46 238 232 391 335 388 260 393 
263 51 111 65 474 150 480 17 209 35 
49 265 116 112 395 70 304 282 17 64 
289 298 100 417 196 65 247 76 342 350 
371 40 155 173 319 84 168 120 273 336 
357 213 171 11 56 377 76 181 448 239 
31 364 259 448 41 32 442 265 312 431 

326 77 338 189 485 65 167 10 66 264 
116 147 339 148 448 403 136 482 266 225 
306 306 99 117 55 93 490 382 186 33 
461 304 438 489 474 395 317 184 374 368 
220 42 171 317 156 185 156 432 322 31 
363 2 124 432 72 183 35 353 331 3 
287 228 318 91 104 317 309 67 304 220 
242 237 156 172 108 34 433 214 378 480 
405 391 488 58 227 10 305 458 369 168 
44 96 187 271 311 355 494 364 218 234 

249 406 53 1 337 12 142 350 47 97 
235 88 483 281 87 391 475 339 487 136 
40 470 235 373 236 287 449 84 298 218 
494 263 217 336 390 157 453 368 217 128 
291 41 17 442 383 273 345 437 359 181 
5 20 498 204 102 393 216 196 395 437 
325 452 435 423 227 158 11 300 113 450 
253 233 297 182 363 104 360 65 123 413 
491 491 264 494 435 183 175 199 21 431 
289 393 178 202 377 111 118 333 99 482 

483 32 262 419 59 322 53 65 271 68 
26 125 29 349 2 101 161 126 477 405 
18 171 95 179 301 144 210 47 199 12 
308 118 261 242 233 242 269 125 415 162 
135 254 238 468 311 474 459 357 305 479 
113 247 486 448 222 109 300 253 325 147 
353 201 109 123 257 171 496 408 250 159 
110 103 269 329 164 198 273 95 394 226 
433 134 21 94 84 462 260 147 180 84 
271 60 391 96 17 341 36 188 57 496 

424 120 258 176 380 44 430 336 93 327 
141 493 110 267 159 40 347 492 463 479 
189 491 342 463 142 307 310 55 92 140 
79 16 294 470 246 47 48 321 117 232 
377 280 210 248 54 52 455 194 211 336 
36 360 214 86 279 317 176 375 11 36 
90 264 92 434 161 159 420 291 114 300 
288 373 404 483 111 237 283 472 120 267 
148 308 382 71 315 22 67 382 42 469 
438 395 224 88 266 14 370 464 19 242 

460 264 225 217 320 16 406 427 349 7 
26 6 63 123 126 379 337 366 495 362 
165 231 329 301 289 264 361 41 129 13 
474 448 175 179 485 165 181 369 196 310 
58 5 103 280 73 145 334 139 35 334 
212 247 496 382 488 394 43 211 35 271 
183 93 354 404 112 121 276 47 231 255 
97 444 274 483 24 435 348 165 13 369 
269 365 399 77 431 246 46 374 423 450 
471 487 334 231 308 466 131 425 447 3 

127 70 411 63 339 122 162 434 471 333 
164 209 87 356 311 301 473 281 345 2 
212 135 198 162 492 91 241 207 96 197 
208 45 472 189 377 490 63 178 17 223 
449 364 271 496 214 26 53 189 246 497 
483 253 283 119 167 403 174 165 333 3 
363 114 72 271 150 338 304 205 181 427 
135 54 106 195 473 133 256 290 105 228 
99 457 199 303 23 223 58 279 249 306 
449 156 158 26 87 216 253 148 402 73 