20 20
82 12 63 54 68 20 73 1 12 70 87 8 29 69 64 67 35 42 60 78
33 53 45 67 12 43 15 23 49 19 60 98 39 70 92 79 87 6 77 41
61 31 34 30 79 91 57 50 89 38 16 46 58 12 80 6 39 51 18 42
87 10 48 39 60 98 54 95 29 40 27 69 67 80 46 61 51 72 25 92
11 55 68 37 17 29 19 18 63 58 75 12 48 67 56 67 13 86 86 34
50 54 18 93 87 91 95 47 33 72 73 32 46 3 41 61 80 13 25 18
14 28 46 13 4 82 71 53 31 77 63 99 58 90 50 57 83 21 85 72
34 25 86 37 16 46 80 65 40 80 90 92 12 57 64 61 97 51 36 21
32 82 69 23 47 57 10 43 13 61 18 56 11 88 15 91 26 45 72 90
40 93 81 52 5 90 40 15 45 96 34 51 36 84 52 31 30 85 18 55
40 7 26 48 50 63 99 66 3 13 78 81 66 52 57 20 86 78 89 47
84 91 53 58 89 5 95 17 81 63 21 59 54 69 33 51 33 71 81 9
38 2 15 38 30 73 55 53 25 38 70 99 79 55 19 69 54 97 82 3
54 24 71 3 18 17 55 44 28 60 79 23 55 60 85 70 75 99 23 70
71 91 27 45 25 1 20 34 9 27 95 46 38 12 23 16 9 58 46 41
10 87 39 45 60 37 89 28 22 67 99 57 18 97 37 35 37 19 46 8
76 92 87 56 46 31 81 67 30 33 16 55 10 25 82 56 17 53 81 23
96 52 23 71 17 97 52 61 9 88 4 55 79 53 55 87 66 7 18 85
29 6 65 4 22 78 17 89 76 13 51 9 9 96 12 88 32 48 73 9
38 29 37 87 90 75 38 26 73 97 23 98 23 30 55 93 13 31 3 20

585 753 854 975 815 959 834 838 670 849 634 875 925 658 839 959 903 939 795 568 
887 698 903 598 795 864 599 909 683 619 842 903 947 756 625 658 955 795 517 657 
823 960 948 824 532 866 726 525 911 927 649 650 889 767 604 975 542 982 581 824 
934 644 555 726 759 838 676 783 897 731 693 518 816 980 728 526 796 563 930 687 
637 610 996 938 519 819 839 903 757 660 981 701 633 820 715 559 902 683 952 893 
575 627 731 559 913 582 706 647 564 670 887 565 726 870 955 581 756 635 749 525 
682 894 946 714 579 946 830 532 966 993 567 747 639 885 878 911 957 974 872 887 
603 504 813 567 953 561 683 875 557 869 557 677 863 634 796 957 905 851 931 579 
798 638 918 690 908 752 931 554 848 671 853 516 798 952 550 571 574 605 984 678 
802 671 933 961 603 682 607 822 509 939 754 573 593 986 995 923 786 763 547 974 
985 796 560 715 956 896 649 822 793 935 932 770 531 982 816 642 652 523 744 958 
912 551 805 894 988 627 929 510 661 768 997 636 715 662 635 869 574 831 587 962 
585 547 554 764 659 661 624 980 568 976 594 941 949 563 504 715 831 572 915 633 
882 750 551 739 665 885 665 983 805 748 996 506 614 901 534 854 914 674 581 932 
685 501 843 798 723 501 647 839 907 910 896 693 592 845 992 588 770 955 524 637 
978 717 798 801 681 689 544 772 505 547 547 962 840 541 799 513 840 709 659 781 
536 714 760 717 662 910 629 902 988 958 834 903 823 857 524 511 879 823 718 941 
628 623 827 891 802 682 726 921 833 900 691 769 975 711 856 825 554 953 600 613 
717 687 865 540 688 718 689 872 603 913 662 778 777 789 881 989 568 950 585 875 
681 804 919 519 941 600 822 854 985 889 684 864 831 815 886 501 699 571 981 832 

817 852 654 874 562 872 799 884 783 667 763 796 921 868 724 566 797 815 915 555 
664 674 729 665 529 558 917 888 839 996 745 935 820 912 613 658 572 790 808 773 
649 678 599 737 829 949 724 751 983 745 901 654 516 507 788 501 917 800 608 561 
758 845 837 592 650 580 964 838 973 632 995 576 771 697 731 760 890 626 604 898 
646 704 875 873 922 804 904 948 613 510 694 605 553 592 846 645 540 913 673 599 
851 969 624 517 542 696 836 522 867 863 821 639 831 768 734 758 935 556 663 563 
541 829 732 540 556 824 923 702 677 751 559 649 630 945 612 671 828 974 710 736 
762 793 567 721 893 797 918 789 615 919 766 643 886 850 606 673 808 753 513 632 
930 707 508 554 743 829 760 638 852 534 503 656 679 716 546 695 523 920 552 589 
553 644 514 834 744 567 934 516 561 663 512 744 951 602 576 791 866 657 529 974 
687 705 729 798 773 936 680 557 846 636 650 997 969 876 977 550 655 739 666 976 
890 640 747 795 533 625 704 625 830 812 805 589 863 943 872 819 728 537 988 515 
571 616 932 618 752 856 872 547 652 587 737 607 563 953 553 867 622 630 831 890 
625 786 941 852 775 856 635 788 841 569 946 599 942 554 779 651 680 536 525 567 
642 839 551 976 956 778 615 610 571 945 861 849 763 914 686 599 772 639 946 646 
665 625 665 839 631 996 815 725 799 932 882 512 744 611 987 920 514 632 567 535 
976 684 658 810 611 747 997 580 637 978 610 754 900 641 619 972 557 718 917 832 
848 960 809 699 605 746 761 660 952 959 825 812 716 560 888 695 757 522 961 870 
566 646 621 905 761 904 576 767 707 607 779 705 656 849 655 502 558 564 805 938 
620 781 699 748 714 617 855 861 939 961 716 928 662 593 543 552 914 682 802 908 

970 502 846 689 957 632 867 516 996 691 584 649 847 626 834 803 649 679 579 704 
549 593 987 514 604 567 950 540 695 633 896 975 945 712 710 693 880 905 985 796 
676 778 902 766 956 820 643 940 787 731 609 764 798 944 921 931 667 842 807 701 
676 636 969 595 870 690 721 903 614 997 788 819 547 967 616 681 730 828 769 891 
960 921 673 867 532 924 634 890 605 948 820 631 752 745 552 992 589 954 573 691 
503 840 578 681 784 859 586 787 648 719 867 586 914 874 526 801 870 828 530 688 
700 782 952 801 594 646 841 610 970 753 926 801 701 560 696 844 512 538 527 503 
805 698 829 604 771 809 982 525 800 838 553 621 701 911 863 555 549 720 597 861 
787 639 965 779 530 675 645 602 869 571 637 950 577 594 783 595 726 904 750 768 
747 533 987 738 952 796 608 656 656 696 906 804 986 977 541 656 858 595 661 763 
955 536 548 709 603 519 904 788 907 711 924 816 753 692 733 565 746 679 989 938 
602 544 622 576 664 697 865 955 810 584 647 983 938 660 783 509 622 834 883 978 
830 965 660 875 684 962 671 636 892 621 851 919 527 582 611 820 879 558 961 872 
993 691 541 593 638 942 583 566 916 763 649 592 660 573 593 556 589 932 741 738 
509 882 696 542 618 903 752 696 964 563 985 845 974 916 833 946 600 920 641 642 
635 947 788 504 763 698 652 796 789 800 881 978 952 638 676 842 844 937 908 737 
512 730 664 548 873 516 943 795 574 964 980 581 511 919 586 536 637 655 902 841 
531 872 836 816 934 950 512 537 516 896 645 926 718 608 913 938 808 823 665 933 
986 540 920 688 684 532 856 682 559 967 730 908 973 827 781 971 858 698 954 521 
877 984 971 540 658 977 537 964 868 938 569 554 752 669 861 788 602 738 755 660 

695 730 691 903 809 815 508 520 868 928 679 608 640 657 657 903 991 973 598 576 
673 785 810 981 726 854 790 857 744 716 832 881 677 569 688 879 856 739 692 774 
608 985 983 681 513 776 648 920 568 981 916 712 792 551 735 977 698 966 638 823 
737 677 552 663 725 696 617 750 977 941 806 640 941 900 832 691 642 977 635 600 
601 755 735 891 779 639 748 689 674 531 897 564 997 596 564 828 907 594 935 941 
632 886 973 873 790 924 942 875 512 940 725 837 978 752 764 566 619 803 717 945 
557 600 562 659 717 578 572 557 962 524 885 577 734 791 720 809 919 844 522 579 
561 528 762 943 716 560 669 895 653 779 589 654 909 939 795 749 588 744 678 571 
795 750 601 796 962 928 946 917 757 858 753 759 634 802 689 515 832 788 858 956 
922 594 689 561 771 821 853 946 866 984 731 602 807 918 798 825 911 601 941 746 
675 577 522 644 708 625 771 959 751 932 998 981 765 775 602 721 686 644 995 893 
552 666 963 840 797 840 893 863 696 887 877 817 549 963 591 622 511 789 586 858 
592 877 704 660 815 516 624 677 918 939 952 576 969 813 677 928 613 725 520 853 
626 632 555 544 852 553 759 923 578 556 657 865 953 755 584 885 672 589 897 714 
506 816 741 826 765 880 720 895 707 950 563 647 819 567 735 633 772 542 554 549 
894 540 674 648 537 927 509 967 573 563 640 569 809 576 814 958 541 734 634 551 
539 844 685 913 635 597 695 629 840 856 899 923 520 910 826 504 959 939 895 836 
544 737 620 970 552 593 703 951 672 747 891 615 911 915 962 629 581 994 960 644 
927 914 991 586 899 791 575 709 569 687 812 706 773 587 662 812 823 565 718 962 
779 962 531 511 840 745 973 903 818 952 718 598 893 743 711 635 892 712 723 650 

615 698 939 696 626 883 918 793 923 944 581 837 930 742 562 545 708 731 963 702 
664 713 889 888 843 691 772 516 758 691 941 996 807 714 830 617 818 844 629 941 
970 585 967 711 845 901 827 717 724 926 737 556 856 685 547 723 596 587 958 772 
615 613 685 596 945 593 922 876 730 741 614 776 949 842 577 837 901 757 778 592 
980 565 991 533 852 685 899 581 934 904 944 928 900 857 790 860 676 724 975 860 
715 573 959 745 948 976 567 863 806 634 944 571 804 797 654 593 884 623 832 636 
603 598 862 930 885 830 517 618 622 563 723 665 799 603 730 501 826 677 591 924 
799 729 512 700 509 737 962 620 725 696 864 651 839 838 771 944 547 587 758 600 
673 638 540 521 692 789 558 633 966 784 845 523 994 745 823 862 935 791 801 904 
565 985 537 887 809 824 722 930 641 840 682 955 580 770 721 624 591 807 530 563 
605 915 954 756 977 640 576 778 932 894 925 943 748 663 629 916 637 744 664 663 
740 946 693 882 739 537 848 986 596 605 555 668 563 526 638 878 867 734 735 873 
672 930 639 946 777 981 784 579 632 866 782 656 853 855 628 808 743 734 705 530 
915 617 541 601 946 592 936 811 898 756 609 758 670 927 961 721 678 531 975 976 
876 580 813 763 567 826 859 621 827 557 927 656 627 553 644 720 618 535 724 883 
996 793 626 579 652 541 561 782 802 675 781 887 743 636 576 985 728 762 825 762 
579 835 955 644 977 795 833 921 539 773 880 933 541 864 723 979 839 625 828 828 
894 560 724 905 826 776 734 916 871 670 905 583 824 789 872 938 685 737 518 742 
525 524 864 955 771 648 921 761 553 718 907 937 925 530 856 787 593 530 890 784 
763 879 580 709 781 776 976 615 721 984 886 849 886 913 508 714 927 541 639 964 

971 681 676 879 911 663 756 735 915 839 590 754 784 723 666 766 796 867 597 875 
786 569 551 600 688 631 884 553 854 831 828 916 749 628 619 814 602 695 964 798 
558 648 566 889 564 687 878 505 886 773 971 733 882 796 839 672 637 919 764 535 
696 564 516 782 540 542 524 650 963 563 838 635 981 535 899 700 558 942 856 832 
566 678 735 885 943 685 917 756 751 698 933 633 625 559 987 538 911 778 754 735 
995 757 746 718 612 541 771 986 720 698 834 541 703 823 920 723 923 978 537 701 
569 810 967 931 522 971 800 948 772 708 703 634 978 708 509 969 519 671 654 661 
590 663 566 743 607 583 954 982 972 695 612 525 732 761 759 589 754 778 700 925 
762 889 994 668 867 547 859 574 927 926 882 781 553 996 695 589 651 608 594 756 
986 726 903 527 955 930 704 903 864 742 857 984 592 753 700 523 859 967 785 792 
893 701 775 517 534 986 909 588 660 814 887 948 652 835 507 883 705 899 734 530 
521 678 930 531 645 514 923 914 934 912 921 764 580 848 826 859 905 580 552 703 
910 938 712 661 545 754 979 565 997 800 695 607 711 517 590 672 623 640 543 890 
913 674 605 713 627 595 883 756 819 609 972 625 540 832 626 754 662 629 594 552 
903 740 982 521 688 523 602 884 775 640 711 689 651 843 734 645 930 813 890 931 
994 677 974 994 949 509 561 652 634 557 944 792 899 680 799 684 513 649 532 915 
646 934 622 787 571 812 827 937 608 819 918 609 895 941 845 527 527 626 725 792 
898 702 952 655 691 958 662 883 531 952 502 854 694 939 909 803 939 840 646 629 
696 931 861 650 689 532 705 556 922 528 621 831 753 563 585 960 865 639 634 655 
564 981 585 822 880 909 962 525 654 768 605 621 747 711 861 607 942 958 731 615 

638 914 795 766 686 992 986 535 946 578 736 635 880 641 504 778 502 574 996 614 
754 887 754 917 959 848 604 740 789 733 620 659 643 906 633 743 689 848 931 918 
844 736 949 549 961 782 712 901 903 877 654 868 563 960 564 511 994 633 706 985 
706 690 704 623 903 624 524 611 839 977 924 739 650 792 921 662 993 911 530 832 
976 995 581 841 802 812 827 965 618 824 623 806 651 764 944 617 882 785 508 553 
743 972 921 895 507 642 609 799 563 915 726 978 980 688 624 991 540 578 638 659 
864 976 926 972 888 791 809 832 560 522 964 815 644 979 579 902 836 606 902 912 
891 742 672 831 540 734 711 597 785 805 744 590 820 794 860 643 528 709 822 983 
548 597 817 524 801 536 807 948 769 975 939 652 526 586 880 979 803 762 926 564 
587 954 888 587 953 545 869 828 845 815 512 809 517 886 551 565 538 692 602 652 
540 598 988 537 545 948 565 944 623 763 929 862 576 542 832 970 940 820 710 918 
757 957 758 537 646 599 769 563 883 939 696 624 506 843 686 678 594 649 579 972 
915 721 660 841 814 642 949 716 602 632 602 706 923 822 802 513 513 877 539 853 
589 765 650 845 839 630 742 735 786 901 756 884 879 557 974 701 605 675 947 728 
924 777 552 966 739 827 706 652 610 890 585 579 750 660 642 778 838 986 665 511 
861 834 833 661 501 519 755 986 780 817 697 811 754 540 724 747 846 922 647 774 
797 563 576 784 519 903 813 726 606 712 825 667 693 853 525 954 935 758 701 899 
533 946 505 934 977 864 895 600 991 558 666 633 607 977 875 849 890 785 645 705 
697 671 567 897 987 794 904 835 555 860 733 985 582 949 892 957 900 605 555 927 
689 953 779 958 732 963 917 967 578 827 866 846 779 666 746 668 527 834 964 678 

763 520 894 759 940 744 906 653 965 928 936 814 984 742 503 929 692 528 686 955 
775 779 797 643 777 760 573 983 997 861 665 596 759 606 788 995 811 762 996 550 
531 525 913 664 532 726 754 976 511 541 779 975 565 738 814 979 573 576 573 786 
886 550 830 649 599 557 559 914 996 982 535 773 659 778 751 883 990 535 984 567 
745 786 886 918 504 866 981 918 803 547 514 756 774 763 586 678 885 603 692 741 
691 828 523 780 827 760 643 943 509 803 534 594 855 523 562 996 774 692 993 626 
994 717 671 739 904 638 937 913 882 724 859 568 977 506 941 892 611 879 911 610 
889 674 702 888 781 529 831 776 522 721 829 617 543 863 631 984 943 615 741 775 
618 791 648 661 599 751 592 996 850 841 904 605 530 547 759 657 778 620 979 899 
875 667 619 616 700 936 527 578 712 733 703 879 914 794 834 507 751 960 989 585 
746 791 812 739 934 605 594 829 980 738 540 802 982 819 621 727 675 780 730 675 
991 721 823 506 801 792 723 606 592 988 615 565 700 630 805 994 995 547 556 592 
912 992 586 653 571 873 645 771 957 936 699 591 628 868 848 962 714 874 548 872 
756 567 762 787 988 809 904 778 681 595 791 541 555 567 778 543 538 783 571 595 
793 638 541 894 697 538 961 864 974 803 819 975 995 786 984 512 966 628 683 515 
548 628 595 901 540 780 598 719 945 506 605 528 884 718 931 747 654 638 959 714 
798 724 750 888 993 569 588 553 935 597 576 673 799 721 880 591 780 718 646 533 
840 600 613 517 686 923 691 887 798 617 569 717 503 866 695 648 631 777 883 656 
974 677 687 781 917 660 830 531 522 562 646 994 848 667 911 955 865 697 767 575 
726 740 946 885 848 759 864 781 673 985 663 691 925 953 514 614 921 622 733 526 

599 542 554 665 526 568 870 966 775 642 635 738 940 547 841 850 702 552 853 910 
756 790 901 892 607 789 532 649 710 976 581 717 970 641 911 618 525 580 880 657 
567 758 651 876 818 977 864 817 743 597 796 825 772 722 972 924 737 920 526 831 
623 972 761 923 732 696 583 848 745 949 625 671 681 919 701 865 569 573 818 848 
690 668 918 799 980 618 838 905 794 794 794 955 715 768 715 612 542 834 849 531 
814 872 700 814 755 598 592 744 828 689 748 802 869 894 573 794 672 665 607 519 
830 975 521 927 879 807 588 973 839 614 953 607 871 718 829 503 867 927 638 980 
942 503 990 975 927 619 806 667 696 634 924 556 731 662 938 614 963 965 616 896 
752 653 869 800 701 737 884 888 655 562 712 880 797 502 846 924 894 591 645 807 
522 861 669 785 842 715 980 540 868 957 762 844 979 680 936 893 794 503 522 536 
878 926 824 662 894 623 529 515 682 529 653 786 956 891 704 732 906 644 856 956 
691 667 900 602 783 767 778 756 792 842 561 987 756 675 662 796 565 855 782 941 
572 924 906 912 547 848 922 960 863 815 830 592 874 955 659 912 751 885 646 842 
920 940 712 685 789 663 760 585 715 702 913 883 988 773 994 643 993 669 639 743 
717 602 962 932 621 736 702 707 558 951 851 896 864 536 755 782 868 700 781 994 
509 751 802 644 647 795 785 989 886 857 724 833 889 858 642 659 681 685 825 735 
786 791 814 725 607 680 570 525 555 570 636 796 988 805 657 840 711 986 851 968 
769 766 697 733 644 767 814 931 631 536 737 945 995 689 823 602 796 611 563 899 
778 738 762 906 988 650 625 618 532 997 547 762 665 875 560 987 717 941 590 689 
585 514 647 549 783 923 811 701 630 600 938 646 717 909 641 571 876 506 738 664 

714 800 566 924 549 657 856 598 541 521 507 577 776 871 547 958 955 839 937 934 
533 966 955 804 987 856 834 675 922 609 778 905 526 970 763 579 598 916 763 516 
822 693 942 787 573 843 830 711 787 754 967 557 730 550 979 968 596 959 806 723 
926 725 772 661 568 639 640 762 810 994 586 630 906 819 808 964 667 916 884 646 
973 662 670 912 746 781 742 900 946 865 875 685 551 908 576 867 524 629 852 557 
783 591 867 998 672 805 874 986 536 510 603 656 712 704 711 728 843 617 638 520 
729 966 535 507 942 856 739 793 619 685 548 899 817 946 883 998 582 983 625 987 
561 846 700 707 675 684 871 632 927 931 792 967 630 594 584 819 682 798 675 840 
753 635 516 599 706 890 812 588 907 938 742 875 845 865 986 599 600 660 766 988 
685 849 625 522 813 503 843 541 640 756 717 984 952 803 559 910 941 546 642 522 
746 953 951 666 678 842 963 531 869 650 982 716 961 858 576 934 944 562 628 694 
607 926 584 893 883 767 816 611 717 837 971 969 609 694 682 781 801 869 680 660 
504 746 770 522 806 876 902 589 910 566 532 691 603 569 628 791 882 824 798 720 
955 623 941 515 503 806 884 613 979 899 776 946 938 570 516 596 886 501 536 521 
831 907 693 963 791 981 641 794 788 620 662 669 827 778 613 674 518 605 850 672 
986 590 940 673 559 780 602 990 875 776 788 662 995 762 609 728 883 975 958 529 
651 864 550 641 862 708 544 637 650 767 775 539 973 692 860 548 733 965 503 612 
536 843 863 933 716 769 820 609 920 799 870 722 988 503 853 503 663 581 586 543 
953 634 766 913 973 669 738 908 886 750 538 714 612 642 718 686 825 548 512 735 
715 725 992 740 545 721 698 616 562 833 817 724 895 959 792 963 866 733 746 881 

694 630 549 508 595 722 579 677 688 995 735 622 766 510 634 909 754 756 688 807 
625 989 988 542 988 731 786 931 503 721 508 820 559 768 704 634 878 926 717 538 
653 830 707 753 872 622 755 768 570 735 553 910 530 829 789 886 636 559 734 665 
512 893 964 667 673 826 984 510 614 582 997 659 897 653 795 622 573 810 686 854 
505 664 771 853 511 539 795 533 732 773 619 761 587 974 908 813 945 643 831 786 
649 524 539 503 771 890 908 823 993 891 554 924 970 878 667 995 651 903 693 542 
980 952 734 785 585 778 626 872 749 704 908 583 993 670 647 597 831 855 547 800 
777 794 816 894 951 699 552 816 955 722 743 643 872 818 566 746 680 548 900 716 
531 919 899 629 574 636 743 731 703 717 834 741 692 690 848 559 563 705 893 939 
875 971 983 826 582 573 668 981 556 832 738 588 973 518 588 686 624 939 827 873 
847 989 971 701 731 975 781 689 968 530 805 562 853 909 902 547 612 662 679 947 
550 783 676 567 538 965 562 514 601 549 843 597 754 952 712 853 619 508 869 973 
774 589 830 595 554 850 841 940 970 746 897 615 831 803 612 730 594 704 952 782 
952 957 958 757 966 869 652 957 563 527 800 937 972 635 653 633 788 557 806 995 
957 990 618 987 820 518 629 949 639 761 624 942 627 568 979 906 596 710 991 973 
635 632 545 835 993 513 843 809 902 907 905 790 530 828 502 788 516 549 748 861 
984 704 756 701 958 716 991 693 727 806 959 595 722 840 667 761 876 691 924 573 
842 781 995 674 644 938 817 878 957 508 623 542 614 833 965 808 706 865 613 954 
555 921 965 651 767 540 720 559 621 687 707 584 767 855 630 658 517 858 828 853 
758 504 722 664 833 540 896 570 895 567 646 727 524 827 792 578 989 959 957 705 

514 642 622 511 786 881 802 908 883 596 871 578 829 815 553 987 504 635 771 707 
719 903 653 863 706 591 921 692 754 986 856 711 658 732 794 901 507 781 591 884 
561 919 604 776 658 539 673 603 610 525 583 579 982 763 838 771 805 827 974 924 
679 697 925 773 530 886 804 966 779 522 925 924 683 520 555 955 784 695 533 712 
667 587 935 967 813 958 691 727 531 774 547 885 844 843 866 923 573 552 806 706 
681 833 529 712 537 558 654 677 867 535 938 761 698 738 529 688 810 827 832 889 
985 748 853 835 900 995 822 593 642 695 706 586 654 694 803 959 852 557 846 868 
510 918 558 614 989 668 782 529 734 541 864 625 804 635 832 512 792 820 930 805 
961 804 604 618 608 826 713 720 969 525 993 836 946 641 939 972 766 544 709 969 
938 935 601 930 521 575 611 979 559 589 612 763 947 713 954 545 689 633 550 501 
794 528 793 550 982 533 925 753 756 724 779 776 985 781 623 534 934 994 779 556 
926 872 582 935 664 855 954 902 958 806 859 577 704 789 615 851 681 893 756 953 
958 586 802 595 649 524 703 847 849 560 760 504 739 760 873 984 949 555 995 659 
949 571 986 569 952 752 739 655 551 866 568 926 652 940 629 624 752 556 651 531 
873 578 605 796 553 593 641 941 526 691 791 663 797 860 803 690 913 725 614 860 
821 888 708 951 545 760 955 908 554 584 525 660 611 643 929 573 977 597 587 725 
676 503 795 761 798 811 727 592 758 813 800 707 592 532 924 597 531 790 689 789 
939 792 831 764 666 993 779 994 861 833 910 641 710 627 842 944 759 517 737 734 
572 976 934 591 832 799 530 795 553 658 770 848 888 933 630 533 575 856 545 593 
604 569 944 934 890 921 980 647 731 806 942 704 868 637 965 904 651 595 832 684 

507 809 846 600 565 701 773 635 647 773 847 571 578 622 819 766 820 740 863 709 
818 650 860 735 843 737 611 513 755 744 635 850 907 670 739 557 656 890 779 873 
701 595 555 601 721 563 661 536 920 634 861 635 786 676 895 982 510 628 537 856 
937 587 549 568 533 587 948 571 849 503 707 684 820 741 984 959 910 685 656 527 
716 558 582 988 981 722 829 994 672 512 959 826 550 941 602 676 923 723 634 930 
672 995 668 572 715 590 903 873 710 529 881 708 531 942 529 535 660 540 793 816 
838 595 736 724 508 811 947 926 639 957 726 665 743 979 966 619 890 908 677 526 
993 785 727 607 772 632 996 882 529 828 720 925 867 988 846 740 553 910 564 884 
626 751 724 995 810 625 824 852 635 646 947 703 868 801 572 843 524 638 544 788 
773 821 831 799 733 750 539 512 957 715 517 517 854 674 655 625 574 796 591 887 
812 754 519 654 693 507 728 593 607 671 827 527 970 506 510 675 870 655 789 821 
908 879 618 850 696 859 752 937 933 722 576 668 745 947 656 988 797 952 750 984 
881 974 608 764 883 638 675 837 872 972 538 734 520 950 764 759 697 989 666 956 
810 804 598 702 866 897 833 651 628 538 793 979 890 899 755 879 918 527 768 761 
549 927 717 642 998 508 593 771 509 693 964 822 886 585 648 895 877 956 534 846 
931 697 629 612 628 961 834 923 764 563 523 969 801 656 776 898 831 809 595 906 
762 938 561 550 810 798 588 687 769 577 662 892 814 700 780 717 747 731 598 673 
520 975 827 747 824 507 741 680 639 719 799 598 782 571 581 710 531 511 635 599 
636 818 521 810 606 898 806 811 872 949 623 876 902 758 682 557 575 648 922 851 
577 991 713 632 772 871 763 646 650 806 631 743 842 954 516 978 883 721 632 857 

912 560 847 549 846 947 994 704 901 910 504 682 810 859 796 800 557 581 695 699 
617 663 983 511 791 686 524 537 578 905 916 607 969 798 656 785 965 853 975 956 
869 523 846 814 868 687 705 651 623 922 673 759 836 871 935 692 626 900 914 501 
766 663 801 565 719 570 558 620 542 559 553 909 924 648 954 529 674 695 759 556 
778 992 937 591 759 802 979 657 869 610 935 561 771 550 792 636 551 554 904 946 
976 898 616 681 744 550 860 937 957 943 938 797 567 542 920 904 821 515 595 764 
659 533 989 581 809 504 515 778 583 869 825 819 629 852 678 901 686 670 926 731 
795 554 658 963 981 598 951 722 981 728 919 925 998 825 559 618 759 732 949 510 
728 910 873 929 793 707 564 939 774 625 743 566 657 605 949 511 679 671 567 601 
612 575 516 820 518 769 739 640 771 507 831 575 557 777 616 918 546 959 690 598 
528 530 834 574 542 965 927 831 906 536 655 869 717 986 603 754 512 672 545 691 
922 924 759 816 795 900 988 647 564 510 962 671 755 935 935 689 615 834 832 832 
518 857 654 572 767 574 946 855 933 674 580 614 509 600 650 655 889 962 944 813 
676 775 651 958 882 724 602 841 708 793 693 927 585 898 819 622 542 781 629 907 
556 559 797 931 911 690 680 754 534 918 698 542 710 703 545 722 978 558 953 685 
587 550 803 760 776 736 754 676 616 533 715 679 630 516 944 677 798 808 659 770 
898 884 944 583 708 872 524 810 652 948 845 588 674 810 930 665 800 865 747 860 
580 750 892 770 721 823 508 573 869 635 918 600 694 840 769 978 941 948 684 640 
692 577 687 615 590 687 909 511 536 933 616 608 859 760 873 629 560 597 825 835 
743 721 514 702 933 773 581 586 579 546 976 707 678 724 860 660 704 558 699 842 

969 786 722 977 922 583 919 771 536 516 998 528 792 871 587 751 690 554 857 557 
624 684 859 652 852 976 990 504 561 749 997 726 880 632 860 841 860 594 507 702 
814 982 591 784 949 818 838 651 615 906 605 824 926 704 791 885 733 768 509 682 
926 528 604 632 547 802 727 788 772 813 752 871 715 715 745 858 950 726 618 650 
897 947 610 674 960 926 868 569 761 849 808 707 970 979 808 998 764 997 914 754 
666 684 871 885 580 538 604 780 906 856 694 740 560 615 987 727 757 756 746 811 
632 633 877 617 985 800 618 968 678 586 760 631 678 896 597 769 992 762 976 742 
968 628 838 798 582 919 990 858 681 636 829 694 534 694 851 738 987 549 507 741 
841 547 591 564 875 854 592 768 819 615 776 578 593 662 702 920 901 783 884 870 
735 951 969 714 984 742 711 607 946 865 945 674 817 693 766 575 526 530 522 527 
909 676 511 758 608 503 747 791 560 713 672 651 682 539 730 586 778 957 810 812 
842 673 943 768 534 945 694 903 967 854 546 912 510 671 648 848 960 706 914 546 
786 669 515 854 704 799 668 512 615 519 655 854 718 748 722 977 969 790 557 567 
935 785 638 585 685 749 898 560 630 764 594 987 504 535 699 937 745 725 819 653 
518 781 800 824 556 850 506 672 869 723 562 561 882 690 690 553 647 900 791 948 
675 504 519 968 715 715 995 875 905 719 635 528 688 781 816 607 674 563 838 984 
689 863 764 962 789 503 759 924 840 577 631 509 921 733 806 967 918 588 628 952 
921 610 591 906 576 639 771 717 539 934 758 733 914 953 504 938 905 871 802 848 
769 624 523 794 526 541 997 686 764 917 817 511 501 718 545 847 940 833 687 603 
593 676 630 741 756 719 966 536 657 766 926 612 856 730 707 774 813 798 862 518 

994 962 765 663 998 958 926 660 790 506 614 800 675 573 782 880 981 849 514 872 
703 688 996 570 827 680 548 936 845 810 545 779 951 758 747 835 885 699 511 586 
656 725 531 785 896 899 799 624 863 664 683 756 650 946 780 993 654 618 939 930 
569 708 990 743 854 537 857 506 658 950 605 584 728 896 957 752 837 681 747 894 
814 773 644 627 969 905 938 948 832 871 673 912 924 925 909 580 783 639 622 727 
868 609 582 514 526 890 626 561 742 809 913 846 593 710 696 957 889 638 937 512 
515 836 611 924 941 805 924 644 667 531 739 691 695 912 690 553 905 774 736 834 
906 653 826 833 804 919 539 628 550 908 629 830 955 591 886 605 602 784 998 894 
541 751 938 772 509 757 503 526 866 512 578 898 896 738 689 730 884 782 764 953 
736 845 763 604 651 664 725 716 656 613 769 975 984 910 552 825 794 898 859 962 
687 893 754 933 634 841 880 772 502 741 981 684 619 781 645 621 943 862 753 946 
691 575 844 646 603 915 581 733 546 710 979 566 974 547 787 781 625 890 684 769 
543 556 971 598 882 801 954 540 593 671 526 631 542 580 767 502 716 877 846 505 
751 852 940 547 765 597 947 937 905 515 787 812 569 580 640 529 733 862 766 779 
895 733 670 747 581 525 779 693 775 695 823 558 783 634 609 601 699 538 807 872 
710 829 815 749 607 519 891 940 906 646 583 574 688 777 557 787 699 764 886 951 
884 845 557 617 926 677 849 927 668 520 738 937 607 803 541 562 594 607 701 944 
995 993 925 584 893 817 928 823 524 582 514 533 582 997 897 952 546 604 768 755 
916 570 550 720 634 956 716 928 555 554 887 522 840 727 756 979 788 908 993 694 
913 627 872 957 560 785 945 997 881 714 578 980 602 572 611 919 844 694 648 798 

538 762 623 981 829 502 919 979 647 681 630 570 922 562 768 588 953 933 530 572 
545 628 800 589 581 693 759 540 846 522 736 857 896 631 944 501 671 718 925 563 
507 612 649 836 637 634 650 601 631 635 577 773 818 720 927 972 610 626 509 721 
661 743 748 912 654 604 808 585 820 923 527 992 742 527 504 938 684 788 688 626 
702 617 742 773 855 671 697 924 632 735 903 914 995 571 649 807 817 590 563 513 
613 783 757 611 572 541 535 784 927 535 809 566 665 945 624 691 766 912 671 649 
612 882 820 849 898 816 902 858 664 729 584 894 616 717 589 522 876 915 553 705 
609 771 610 848 582 944 937 728 754 535 806 626 659 552 855 715 608 966 566 792 
914 980 910 896 689 506 885 623 637 949 532 813 763 691 723 882 760 760 736 962 
569 559 817 594 998 936 724 518 867 534 880 765 786 589 876 897 614 790 705 793 
747 619 987 529 915 850 575 904 738 742 998 735 980 898 823 982 630 797 747 988 
725 615 580 869 710 974 616 699 581 735 761 746 733 807 504 508 933 540 952 912 
640 906 801 523 643 782 981 988 917 799 586 884 720 919 734 868 699 932 551 536 
720 890 797 562 703 511 735 586 861 960 954 805 876 693 527 847 875 513 939 791 
666 533 791 512 913 630 846 810 880 811 886 557 861 816 932 716 930 827 516 626 
556 991 664 534 924 955 528 675 513 781 828 919 524 621 797 821 874 636 902 943 
793 737 800 724 774 746 936 517 540 620 815 936 517 841 971 678 781 568 572 701 
619 516 978 617 930 733 747 638 766 637 970 876 826 971 761 963 782 634 893 645 
864 582 915 665 992 625 515 876 843 857 639 910 614 782 589 901 918 665 576 813 
613 862 763 966 828 904 728 514 631 795 878 997 768 564 569 617 716 851 786 531 

631 745 713 671 915 938 655 940 805 956 636 631 791 779 810 631 905 931 799 671 
986 931 611 504 617 972 998 629 554 882 927 693 524 753 581 970 855 550 515 577 
783 788 990 715 756 828 746 905 523 800 798 933 558 823 733 513 827 774 669 986 
738 650 601 669 594 699 796 966 815 825 889 867 763 604 821 770 572 558 709 557 
552 758 616 592 717 950 713 660 595 907 742 550 651 660 960 539 667 689 945 877 
684 919 617 651 790 895 516 799 923 988 975 683 744 945 946 541 996 762 682 950 
766 753 779 848 724 618 781 831 582 936 864 511 616 654 672 746 683 968 775 897 
728 722 890 750 778 830 639 693 653 645 854 980 541 685 526 509 975 962 690 841 
810 501 971 503 804 908 961 989 586 706 610 503 959 655 859 583 561 576 769 953 
664 995 947 789 694 525 824 687 918 611 627 619 945 556 646 504 860 550 739 907 
950 687 977 644 749 932 852 979 858 980 795 949 939 747 525 510 770 661 872 627 
763 941 864 618 803 777 712 636 878 726 684 595 545 929 945 502 557 628 661 949 
559 789 762 619 853 662 567 768 976 829 823 982 608 832 969 832 927 859 968 769 
722 761 887 529 635 918 529 624 707 614 757 934 927 721 754 793 509 680 661 579 
965 902 862 505 512 615 775 779 905 852 563 555 566 959 979 616 690 786 880 987 
796 641 961 597 531 811 936 800 705 820 917 810 825 785 599 980 665 670 913 937 
502 538 802 560 868 632 873 606 686 986 511 568 587 883 793 640 740 556 868 987 
858 849 523 865 511 523 580 501 957 987 721 502 552 767 885 690 544 775 961 909 
754 571 984 602 978 692 911 517 672 559 930 916 966 723 966 685 885 782 755 536 
545 810 549 692 795 687 521 820 924 973 747 897 545 831 845 966 757 850 712 589 

917 884 865 724 738 764 976 833 536 968 561 862 815 884 501 789 738 891 664 788 
827 655 917 980 616 941 750 927 692 930 926 885 544 568 816 572 765 582 976 530 
859 784 800 507 653 725 944 613 855 628 769 552 523 983 652 962 666 582 572 598 
963 551 535 657 925 882 673 671 642 565 723 592 911 516 582 835 787 895 572 803 
882 679 658 533 894 636 649 883 893 717 970 903 802 706 565 641 753 617 884 874 
604 672 685 594 702 771 908 832 517 602 845 569 564 950 642 522 942 628 993 875 
811 583 554 574 774 784 645 973 759 505 909 565 773 841 702 652 745 967 683 954 
734 715 897 553 830 545 793 875 553 559 826 883 554 608 805 860 715 973 979 905 
981 983 963 964 608 786 897 663 983 656 661 727 548 685 813 825 798 908 588 597 
777 900 625 967 823 695 886 623 569 970 674 693 692 759 645 696 744 534 962 903 
743 993 618 808 802 969 928 543 867 936 756 698 640 632 954 608 945 802 695 972 
864 989 857 577 771 664 717 529 779 957 709 839 666 732 806 806 903 546 501 624 
607 777 694 676 526 737 761 785 534 569 869 891 676 990 842 871 611 562 861 549 
681 596 532 644 647 992 636 579 601 507 677 881 608 594 602 805 790 776 595 834 
856 922 613 728 680 574 549 829 761 809 840 816 769 859 787 835 937 818 842 803 
872 872 640 924 871 558 800 970 951 928 519 616 830 954 788 624 688 703 633 952 
746 603 537 905 787 730 540 790 782 948 677 902 789 813 916 542 521 858 711 676 
746 651 981 859 510 718 763 991 792 668 897 707 733 894 740 852 563 637 995 509 
631 677 806 629 552 735 591 896 853 564 509 918 554 837 515 919 594 668 759 715 
700 634 540 543 930 695 578 533 530 975 793 917 996 985 885 557 967 693 655 875 

866 976 523 655 889 691 640 886 970 759 965 606 817 928 516 841 748 572 546 794 
981 802 630 530 804 679 749 649 926 965 956 646 700 959 649 539 887 941 965 856 
755 826 977 877 647 877 918 894 942 845 790 678 829 909 719 940 868 676 787 568 
517 685 705 937 539 732 964 632 681 745 587 991 501 972 789 730 973 679 880 943 
696 744 831 836 651 612 906 768 573 969 539 861 624 865 599 794 813 645 708 818 
937 510 549 534 979 923 892 531 925 528 792 670 837 893 801 801 537 711 859 956 
770 593 964 868 743 615 658 695 638 792 706 600 591 879 524 729 586 748 514 949 
574 546 643 571 583 765 838 564 607 558 537 978 768 926 959 556 842 860 895 952 
902 744 842 523 863 603 692 791 783 997 697 844 709 683 727 954 676 983 814 720 
767 823 619 596 904 922 818 682 859 821 829 726 692 785 951 848 502 993 706 777 
641 631 899 721 685 952 778 931 566 598 833 956 705 796 878 702 836 733 899 646 
650 661 894 892 998 619 852 674 552 533 742 538 599 798 957 850 934 850 777 755 
540 923 962 543 767 796 977 781 794 592 838 829 772 808 683 727 935 709 599 991 
775 834 564 973 576 783 843 865 696 639 622 959 988 854 588 705 780 650 512 562 
589 964 724 816 769 784 530 537 903 940 762 982 904 887 672 511 877 678 582 762 
628 682 554 658 998 972 996 778 939 964 820 654 779 862 709 909 911 642 805 616 
835 795 557 765 675 709 966 618 781 516 948 626 763 711 811 959 595 664 958 774 
592 547 688 587 624 540 818 724 910 786 917 738 633 938 525 572 542 942 828 575 
869 673 615 679 939 536 753 579 987 961 821 603 890 526 693 899 808 703 911 616 
821 868 784 952 879 641 986 604 922 962 649 768 726 742 773 657 531 678 852 847 