10 10
43 12 58 35 80 93 69 53 83 55
58 56 15 91 73 1 84 74 85 2
65 36 31 33 63 36 7 1 48 11
74 64 83 3 21 37 75 23 45 89
17 56 52 3 97 32 84 21 66 64
65 73 84 64 97 73 9 59 60 11
18 36 26 1 16 7 15 55 40 36
11 22 60 57 78 93 22 20 11 79
87 87 97 40 27 66 13 48 96 24
52 94 70 10 5 76 58 58 55 77

959 570 662 989 543 928 818 579 872 987 
753 512 655 746 563 897 750 922 704 829 
588 715 815 670 945 587 611 781 789 591 
747 877 913 775 963 797 657 824 881 734 
593 817 702 921 615 826 947 792 750 737 
587 783 780 843 785 989 890 795 898 674 
772 586 883 706 816 980 735 827 531 985 
980 936 529 826 542 965 624 906 886 780 
630 696 692 663 584 977 896 668 509 830 
653 524 709 827 567 808 978 815 993 916 

996 827 586 613 699 725 906 989 806 539 
629 801 661 961 717 911 884 579 807 842 
623 854 673 508 605 729 572 685 712 668 
916 918 768 856 684 792 637 657 683 865 
725 955 856 646 562 955 917 695 998 968 
879 659 957 825 595 745 623 843 976 512 
564 750 856 711 852 524 899 991 838 556 
804 709 654 583 780 768 939 964 717 770 
523 976 529 720 857 528 840 885 880 640 
826 753 944 922 898 898 896 660 743 689 

952 716 848 604 515 670 585 624 993 572 
823 890 754 628 798 718 695 915 571 666 
985 519 694 776 542 811 507 770 820 985 
552 705 713 614 879 927 712 968 547 877 
689 600 802 891 555 647 891 734 815 791 
940 870 980 529 674 630 567 602 535 728 
691 920 948 921 868 519 688 624 831 902 
878 962 938 742 968 634 574 667 906 862 
968 792 557 984 679 615 948 508 767 690 
556 654 983 543 950 870 751 713 686 806 

966 776 599 605 864 919 997 671 806 709 
858 762 698 608 674 785 598 508 734 605 
778 638 693 775 874 868 504 728 506 608 
659 640 505 522 820 685 706 655 663 657 
948 986 681 973 818 719 907 785 719 934 
565 784 635 588 836 960 893 721 525 535 
930 586 600 938 629 560 955 819 662 855 
945 906 960 904 781 667 727 750 520 737 
941 898 679 818 958 507 516 795 819 894 
906 671 655 603 937 601 977 573 732 968 

629 888 811 812 760 834 615 857 933 571 
883 874 566 653 703 847 647 779 903 695 
546 597 944 866 957 750 573 891 666 529 
672 992 910 724 637 939 775 560 583 727 
560 721 638 816 676 909 660 787 678 894 
748 948 874 902 931 789 639 874 691 776 
656 731 524 580 955 578 691 565 919 528 
814 738 972 557 833 526 955 797 869 704 
949 799 615 587 523 708 620 516 961 743 
742 852 511 583 587 811 858 628 660 724 

975 511 851 516 601 727 512 601 546 987 
747 626 893 926 680 790 814 629 696 929 
638 547 501 968 963 792 518 753 976 748 
585 817 956 870 591 904 752 553 844 875 
869 705 630 588 507 678 593 876 995 503 
936 828 621 977 891 531 979 945 628 812 
552 708 790 570 521 839 595 977 913 860 
917 775 655 892 887 683 714 664 978 903 
760 673 677 730 984 635 697 785 897 638 
953 932 729 513 964 910 700 546 814 704 

525 953 926 800 861 960 624 854 661 939 
582 559 537 714 697 527 610 626 639 603 
946 511 606 743 544 978 711 779 695 505 
593 640 906 980 814 981 651 722 807 541 
716 900 851 988 610 735 968 926 668 961 
600 884 760 873 781 624 764 922 748 771 
810 621 896 787 791 997 524 943 960 605 
534 972 820 837 550 913 617 921 774 652 
540 708 917 711 593 623 521 550 736 803 
979 579 819 616 539 701 572 679 543 881 

503 786 700 751 657 856 818 924 678 715 
664 941 919 963 896 768 637 525 842 564 
958 579 734 975 609 883 554 980 730 528 
815 656 610 595 663 687 512 550 782 751 
990 942 832 652 547 964 710 560 522 908 
713 661 521 948 648 818 745 506 513 513 
652 637 722 823 767 581 666 741 839 877 
558 628 686 859 994 832 632 806 843 643 
804 569 594 872 523 805 941 621 603 797 
544 573 528 762 505 549 582 807 864 709 

554 819 880 943 506 923 707 831 948 965 
504 667 813 869 537 907 563 597 861 582 
699 585 562 600 587 611 536 907 757 816 
788 718 745 984 668 889 906 634 672 659 
539 763 627 967 993 636 700 641 780 837 
751 616 958 729 618 586 725 582 583 516 
693 697 546 659 531 682 670 673 941 994 
563 840 605 895 563 974 541 650 698 623 
637 953 665 808 944 934 959 725 516 513 
616 586 513 982 506 778 865 714 607 865 

964 900 920 558 512 820 675 986 792 932 
565 742 971 858 949 961 535 828 982 892 
945 661 875 780 648 624 842 957 571 570 
536 503 785 959 903 802 802 992 904 918 
885 792 931 549 629 812 943 579 623 730 
942 671 981 915 568 677 620 695 579 918 
683 672 645 770 719 592 504 826 546 723 
736 890 623 898 913 909 535 553 855 835 
664 892 707 698 959 787 915 841 665 803 
869 608 933 580 582 817 952 959 564 588 