7 7
87 76 95 2 55 20 88
32 59 78 95 57 69 40
75 61 1 63 87 76 25
94 39 61 25 89 41 66
6 46 8 77 24 91 59
46 64 80 60 60 5 97
75 93 36 95 76 27 49

866 685 550 811 862 587 945 
902 758 513 702 773 626 965 
974 723 899 950 952 508 511 
837 654 750 923 796 611 565 
723 744 964 784 836 793 587 
698 922 628 805 545 951 796 
946 579 639 911 622 778 603 

937 902 895 581 795 591 916 
857 599 943 941 510 901 595 
625 933 884 888 698 871 758 
878 848 815 916 834 671 534 
891 612 946 587 879 844 626 
942 749 637 854 553 706 954 
912 883 547 807 835 879 961 

914 727 640 574 740 538 566 
857 810 792 795 642 903 676 
593 881 616 882 867 881 757 
969 915 701 687 676 611 859 
815 885 610 671 744 714 855 
543 831 727 766 909 590 624 
853 615 788 513 646 664 855 

651 783 503 546 849 567 664 
987 746 540 551 808 839 559 
734 959 942 505 774 606 866 
629 608 826 902 634 585 937 
895 590 791 603 962 564 660 
614 883 572 740 613 582 726 
979 645 776 533 745 665 782 

722 652 677 888 601 580 775 
634 619 798 517 875 571 883 
869 938 740 961 777 905 546 
775 669 992 805 872 570 673 
736 894 826 896 812 978 814 
801 592 562 507 871 557 978 
551 614 726 879 528 976 951 

896 639 686 940 598 519 650 
767 685 718 527 815 850 914 
503 954 747 661 642 682 589 
846 696 928 812 611 969 719 
583 602 631 522 681 998 998 
728 770 935 913 760 567 744 
885 730 594 730 975 586 657 

989 566 507 595 625 869 643 
893 657 773 623 773 961 911 
549 502 974 542 669 839 760 
964 692 725 725 580 718 733 
872 544 974 690 702 787 761 
691 968 898 817 799 553 800 
827 873 606 539 799 839 504 