20 20
16 74 7 43 62 40 21 66 40 6 90 91 33 71 23 10 51 54 18 23
39 64 44 79 98 33 27 30 41 11 75 66 59 49 79 12 64 95 53 57
90 75 57 21 1 78 86 3 76 50 88 90 3 45 60 14 32 19 94 54
89 43 70 13 24 76 88 62 98 53 57 9 53 82 48 98 9 16 39 59
1 87 52 13 95 59 40 47 12 30 74 54 16 31 52 94 79 46 11 5
87 47 59 44 78 91 70 57 76 10 25 13 45 89 66 71 93 64 13 90
31 50 31 42 63 71 30 39 86 88 97 85 31 91 37 44 92 84 68 7
10 72 14 27 27 29 47 79 68 19 59 57 6 15 37 25 59 96 53 30
87 7 83 28 31 28 44 37 80 96 28 78 70 56 38 14 4 14 63 1
52 64 40 92 32 10 93 35 3 7 5 10 32 38 96 73 83 80 61 63
66 70 69 18 58 45 27 1 26 33 61 23 72 64 3 2 87 86 1 86
49 54 82 64 96 73 95 47 89 44 79 49 26 36 28 29 69 50 11 30
72 87 24 89 21 42 44 41 3 67 34 29 19 25 25 55 80 1 99 36
86 77 99 89 4 52 50 22 63 90 88 83 60 3 72 59 7 15 38 30
3 40 11 81 48 52 70 14 18 28 92 61 16 73 9 72 39 51 1 86
29 76 73 60 85 22 52 37 21 72 26 86 74 87 8 27 19 51 56 59
24 42 21 81 54 78 29 40 46 82 15 1 39 12 13 38 17 54 69 23
59 96 23 35 47 30 32 29 1 5 25 3 36 26 76 72 77 55 88 88
68 65 98 22 72 36 59 1 53 1 84 29 19 74 35 81 50 83 56 10
29 14 6 59 5 96 60 9 6 92 57 42 83 18 97 7 73 96 72 78

565 834 925 787 534 565 511 973 781 887 692 604 595 684 710 934 530 570 915 510 
529 895 896 805 896 544 677 672 507 816 531 946 732 871 914 845 597 924 725 602 
807 946 550 792 949 832 560 523 620 609 874 914 763 752 633 800 979 666 895 675 
678 803 925 670 932 533 643 953 651 986 884 799 606 919 924 698 793 682 986 855 
701 530 580 628 646 717 897 679 625 913 709 719 612 597 536 974 916 541 781 990 
679 841 865 573 796 971 886 762 664 981 894 758 629 996 736 580 718 819 800 588 
929 858 870 590 965 551 872 982 700 879 517 902 863 603 640 638 519 754 768 988 
989 853 629 936 753 804 802 768 756 969 972 782 667 605 535 947 557 559 902 834 
620 919 551 666 805 716 609 952 871 948 584 891 687 567 603 613 948 762 987 816 
759 595 794 800 755 958 601 506 575 523 819 783 573 886 924 597 863 749 666 939 
778 858 765 698 760 693 585 768 966 815 936 570 851 991 755 619 611 667 644 828 
702 782 795 501 785 548 806 628 774 706 967 653 721 964 991 661 871 868 516 956 
834 625 596 725 648 789 862 661 516 679 522 662 582 988 869 597 985 727 715 952 
713 589 505 902 858 773 889 922 533 832 656 752 685 944 897 532 963 843 719 854 
906 757 929 610 860 686 570 993 870 770 839 623 506 854 777 520 992 773 948 997 
602 779 771 586 640 671 760 743 933 776 633 827 656 514 718 517 506 943 620 953 
635 770 990 928 896 604 687 727 676 889 682 839 983 726 541 906 531 687 579 635 
688 819 964 915 874 973 801 745 501 807 791 902 867 873 661 541 843 629 670 753 
840 636 654 990 901 730 583 621 784 728 716 536 575 893 523 866 734 955 976 822 
868 862 911 557 986 931 669 554 532 752 529 937 655 518 893 851 590 552 992 824 

972 645 518 516 553 948 662 816 828 991 991 905 990 660 689 728 793 621 905 937 
620 816 798 973 894 962 637 541 714 803 549 730 928 654 875 925 732 537 947 506 
532 619 576 700 787 923 539 665 990 825 643 657 519 751 963 505 914 705 756 780 
945 699 677 818 653 940 765 518 509 511 643 845 888 706 688 922 653 552 663 885 
937 673 776 767 878 750 653 761 650 524 728 929 662 878 671 652 867 757 724 872 
956 972 655 744 661 860 840 898 710 523 673 662 606 592 741 558 847 597 850 852 
962 582 731 544 635 617 540 522 774 866 951 740 503 915 994 626 911 621 876 676 
597 852 887 621 949 783 682 819 652 884 913 822 855 732 720 667 743 993 563 629 
841 933 546 731 929 928 960 636 811 962 951 988 656 585 698 799 830 945 990 994 
803 974 802 762 943 767 764 784 813 719 841 742 636 891 928 809 915 979 546 726 
904 690 556 741 841 612 933 503 502 547 990 840 605 620 934 706 891 543 639 641 
754 538 905 586 607 995 914 645 596 697 804 604 677 698 567 611 518 976 734 825 
654 862 843 565 675 506 838 547 751 735 657 520 906 655 618 839 929 633 842 906 
668 897 798 634 872 871 527 824 670 969 744 936 620 783 634 796 888 650 505 827 
910 671 719 642 810 642 690 714 729 678 616 511 963 597 793 648 711 811 514 694 
692 783 956 647 733 848 648 793 799 775 538 787 592 863 631 649 759 926 617 813 
629 505 550 826 917 924 681 822 530 822 933 815 903 589 502 817 636 598 633 940 
680 938 749 725 901 997 660 671 849 724 593 929 667 782 536 560 686 638 739 837 
584 998 859 895 741 524 675 747 863 699 523 730 847 722 852 743 817 601 561 872 
998 538 579 895 737 880 978 699 819 662 859 583 894 945 651 777 967 919 798 549 

813 502 696 665 599 879 682 693 526 925 997 918 704 763 823 520 511 573 510 840 
673 866 795 561 950 524 991 958 592 904 774 562 797 545 840 873 934 617 573 591 
638 691 942 983 608 781 928 530 889 819 886 998 714 994 568 582 959 997 712 783 
906 514 956 674 666 509 576 529 925 801 796 666 808 727 950 601 722 681 643 599 
757 908 662 755 869 734 815 918 719 780 760 819 686 781 718 648 564 651 622 948 
568 943 786 776 936 565 944 817 626 600 581 924 795 555 971 956 958 572 803 793 
905 540 976 691 901 511 647 586 697 509 886 581 750 527 586 564 604 804 761 594 
502 515 707 832 960 742 553 602 775 821 528 936 821 878 539 868 843 942 998 512 
675 943 901 878 989 559 793 506 813 959 692 920 773 860 991 521 985 643 740 894 
874 524 810 989 883 628 577 590 507 941 866 704 511 655 795 600 697 586 578 962 
675 611 856 935 854 747 882 560 693 625 880 672 926 546 697 921 754 741 697 912 
824 825 713 609 506 839 973 796 507 914 779 709 613 564 777 942 751 926 827 792 
556 604 896 791 756 684 862 777 880 688 709 853 919 831 847 822 763 989 653 565 
925 941 634 641 870 741 648 815 583 662 518 634 505 764 595 700 728 779 947 772 
836 915 931 975 614 627 605 526 623 897 672 669 843 516 518 608 603 750 804 770 
532 819 979 586 785 538 651 599 820 869 560 810 958 902 960 579 749 552 725 509 
814 964 673 967 839 505 524 981 508 964 533 869 935 678 605 585 909 907 605 598 
557 772 612 688 704 956 572 691 790 980 504 856 649 613 592 670 600 512 539 805 
777 926 990 591 559 728 692 581 702 507 933 667 715 886 562 656 801 580 825 622 
971 892 513 942 658 733 655 784 991 950 749 896 552 889 614 938 631 568 891 980 

929 604 646 910 612 906 919 864 820 785 814 939 588 643 526 917 506 517 678 761 
718 593 892 803 672 856 823 538 991 764 895 923 519 637 682 879 840 973 844 867 
875 973 945 797 546 737 840 675 954 533 767 547 900 693 598 703 983 638 747 512 
724 781 641 698 845 807 543 804 846 918 886 723 813 629 731 876 896 645 563 590 
586 589 952 853 856 966 624 663 636 718 507 713 866 731 756 862 729 840 615 815 
817 889 801 608 818 619 790 961 934 905 865 990 671 615 728 799 864 865 758 504 
825 884 779 961 660 849 964 767 977 640 772 848 697 694 621 647 912 929 761 550 
581 784 806 711 791 973 956 807 542 506 795 764 530 849 853 557 574 518 726 920 
657 882 922 839 723 728 757 665 937 900 768 590 578 863 657 718 636 604 797 924 
537 906 566 817 618 525 933 595 723 558 984 758 590 823 729 520 813 531 932 745 
977 680 939 509 553 949 535 677 860 985 560 730 798 971 557 891 930 647 571 888 
979 751 644 643 917 701 818 683 812 996 806 746 521 545 782 548 574 841 939 951 
753 643 708 970 658 656 560 903 881 612 754 704 873 678 909 955 510 687 525 930 
912 907 946 886 924 503 785 656 977 586 972 770 775 521 546 843 704 636 746 683 
933 648 637 631 674 532 986 733 770 567 509 502 920 983 550 805 962 966 792 665 
989 823 687 719 693 824 516 754 629 901 725 657 695 548 806 657 680 825 793 508 
686 567 773 871 544 774 905 525 804 596 907 700 904 675 776 665 587 643 932 683 
655 810 730 880 804 562 840 755 829 505 889 586 947 824 639 513 988 609 971 831 
939 643 540 860 766 602 631 641 737 801 745 754 718 648 544 937 981 949 927 855 
626 723 882 933 822 655 699 554 770 882 632 912 800 968 754 986 510 692 651 737 

905 967 524 928 876 697 933 729 805 819 824 673 518 699 688 641 813 727 502 908 
928 864 816 834 866 672 513 604 685 806 661 797 679 802 683 694 970 970 629 699 
746 799 834 704 545 892 632 827 888 792 531 971 968 752 769 809 851 526 945 620 
846 859 634 903 837 961 528 690 938 990 571 533 889 669 855 557 525 888 793 668 
813 574 937 932 951 923 611 557 505 825 655 867 726 886 718 663 623 968 843 762 
873 891 821 594 548 744 574 568 838 636 711 666 627 892 910 793 560 685 596 713 
838 570 685 615 688 962 973 677 601 672 945 935 707 688 712 532 572 653 904 801 
860 583 933 878 986 509 670 842 805 809 626 727 833 728 732 755 966 518 604 785 
766 930 885 995 639 960 608 598 826 617 670 568 844 940 622 651 901 526 786 776 
958 883 636 787 671 702 930 935 635 838 547 688 669 511 761 630 841 934 897 663 
697 549 510 806 817 842 811 703 899 574 872 561 771 984 828 540 797 652 644 689 
829 713 665 564 967 989 613 726 947 525 687 805 960 810 688 829 700 521 630 709 
998 683 814 824 859 977 688 619 726 843 524 627 881 744 526 863 605 649 631 581 
966 595 553 985 548 573 578 714 993 842 665 597 570 773 923 719 646 978 603 938 
689 804 988 876 987 545 953 645 842 720 985 741 906 612 697 921 990 952 673 570 
923 534 642 615 770 673 577 730 965 701 693 607 705 859 860 799 877 762 503 649 
673 664 884 986 556 749 804 573 893 791 981 554 727 505 961 614 865 827 941 588 
647 597 826 747 538 713 959 824 625 547 658 898 781 536 577 769 806 685 745 835 
851 665 851 517 987 698 560 778 576 670 617 905 798 839 931 523 554 872 760 959 
962 859 839 661 787 536 981 828 752 852 579 988 921 604 541 875 809 934 700 639 

890 663 537 852 813 744 528 732 562 902 560 709 703 994 793 596 899 591 625 980 
566 896 675 602 911 981 870 754 528 623 682 733 579 814 680 512 883 889 723 621 
508 649 705 672 595 581 972 593 570 694 807 993 679 675 813 913 781 733 997 565 
805 575 738 789 850 857 663 631 518 989 720 791 851 709 627 630 641 934 920 773 
918 530 991 582 817 885 907 633 786 641 744 578 785 654 656 666 619 578 713 814 
601 660 596 871 761 650 820 601 735 860 811 700 811 594 746 587 778 909 628 815 
855 612 891 815 933 588 978 502 552 973 541 728 955 975 749 965 989 728 862 941 
771 991 775 957 883 566 599 545 739 916 560 881 993 763 580 922 930 813 894 733 
746 609 512 867 776 911 966 850 759 883 650 599 739 731 524 790 627 825 796 578 
737 602 984 853 813 904 564 549 777 766 532 989 745 586 627 586 666 859 732 792 
846 568 540 813 634 745 637 599 678 526 769 654 685 754 868 754 988 643 844 947 
808 539 939 642 653 800 850 909 547 582 602 927 883 843 792 847 549 967 680 730 
661 878 530 692 529 782 684 670 517 744 746 807 637 823 746 989 974 704 769 879 
559 941 593 951 631 602 823 547 777 959 578 648 982 563 569 929 764 825 526 867 
914 588 588 558 559 574 910 917 784 534 608 850 517 509 671 954 755 643 706 835 
957 910 909 674 570 711 584 835 995 709 582 676 965 729 825 737 775 848 544 761 
741 878 728 543 650 521 927 715 798 797 553 939 825 582 798 977 801 692 802 975 
964 692 883 667 644 800 540 842 888 925 726 519 532 941 802 929 525 730 843 758 
847 667 918 580 969 577 986 530 719 584 831 898 798 571 728 803 975 932 780 634 
696 776 742 876 695 849 646 910 937 978 651 585 926 963 554 782 748 691 685 825 

539 749 821 541 543 759 952 759 696 686 796 820 875 873 508 820 652 689 726 533 
786 842 627 853 508 793 887 994 768 984 585 759 926 720 880 824 609 777 958 783 
535 639 564 587 942 977 595 702 529 727 858 836 935 816 598 766 847 635 607 919 
740 888 742 658 800 556 858 658 564 630 998 736 913 957 543 942 918 747 579 511 
755 676 824 904 701 854 697 974 930 693 544 615 565 935 644 761 629 887 942 786 
772 614 704 978 930 712 791 855 783 693 814 534 992 641 546 974 530 663 768 618 
649 853 837 515 913 668 652 771 693 544 923 740 573 670 953 852 680 791 776 824 
771 724 948 581 601 927 542 673 790 964 589 528 780 562 660 729 899 823 719 866 
695 806 658 510 917 769 854 762 917 612 968 654 507 818 795 527 529 529 880 883 
525 854 867 818 680 764 742 669 940 988 834 992 895 708 857 543 712 907 981 692 
993 702 706 713 882 589 699 892 502 876 756 861 791 870 796 513 715 512 727 662 
832 832 882 865 679 945 621 988 816 565 996 808 545 685 963 601 828 742 844 745 
871 844 982 679 831 730 895 793 908 812 652 674 993 817 932 826 723 955 864 513 
585 638 778 978 755 957 599 577 827 780 561 751 693 653 877 872 950 872 788 746 
882 625 681 782 819 637 991 765 979 581 956 946 524 518 668 862 783 608 934 800 
760 525 579 535 848 690 773 838 956 961 621 573 959 747 907 746 827 756 722 817 
819 890 574 919 921 661 641 599 571 985 975 832 988 644 791 509 862 669 576 823 
861 723 538 643 544 835 580 840 939 544 759 523 654 884 583 743 664 845 651 521 
651 534 820 543 947 776 866 841 669 763 701 728 865 666 569 985 878 822 893 929 
531 944 524 856 798 552 898 838 942 893 918 692 585 563 901 981 967 876 905 603 

571 593 843 745 970 848 506 688 989 621 630 650 778 519 708 732 652 889 766 778 
766 824 698 866 637 765 558 781 787 725 572 710 573 565 686 890 740 866 825 657 
510 983 836 615 864 604 884 753 701 687 523 537 918 557 587 806 765 544 824 950 
679 636 998 830 529 730 571 775 837 810 800 911 698 804 914 741 799 604 683 904 
837 818 570 859 679 861 954 751 810 978 507 939 943 744 823 889 689 929 968 873 
840 553 967 950 862 802 858 526 713 766 976 766 517 650 551 820 698 627 725 940 
624 584 592 742 796 780 938 691 767 917 920 835 793 591 897 911 619 502 567 721 
700 910 887 698 649 708 823 792 732 667 932 552 728 754 675 846 736 837 894 735 
601 689 647 607 906 512 636 979 735 592 934 637 700 915 807 834 790 853 511 775 
791 982 859 680 605 782 758 627 987 844 864 795 762 598 899 860 982 879 520 685 
940 555 892 674 652 954 871 946 971 702 599 735 665 633 535 862 774 581 643 979 
636 651 907 835 810 860 927 903 727 837 630 720 680 846 661 584 598 585 854 896 
858 752 749 701 918 715 937 831 805 529 822 791 755 878 603 616 611 809 931 596 
947 984 568 798 782 841 660 778 668 856 701 958 775 769 518 868 602 827 829 921 
729 802 754 928 876 832 618 546 596 921 853 741 673 545 723 720 610 889 647 605 
987 675 924 575 737 997 732 947 969 592 764 862 853 606 611 783 543 797 649 975 
888 574 537 753 621 641 581 977 674 885 507 875 806 808 703 863 713 898 652 631 
770 512 538 919 525 761 558 987 551 887 644 791 822 848 883 595 687 634 925 568 
668 991 717 712 764 900 770 968 636 809 959 845 661 535 584 625 816 996 873 668 
848 857 601 752 553 600 503 989 529 955 798 957 592 906 578 992 938 886 671 963 

771 654 885 691 571 989 637 908 630 704 641 808 939 902 822 967 868 868 792 661 
594 858 864 928 942 665 963 528 968 573 983 515 663 782 564 608 970 909 709 911 
789 518 829 630 875 712 834 921 825 659 877 965 521 515 636 794 510 938 689 666 
801 719 903 954 561 754 720 725 526 774 548 987 644 715 505 670 594 707 843 664 
532 812 897 715 962 616 864 732 766 593 943 939 972 943 925 763 578 870 550 658 
995 681 591 685 661 574 998 878 681 931 680 987 751 578 813 954 950 896 945 556 
521 922 586 571 849 858 760 888 802 533 527 949 901 672 861 824 730 618 836 596 
996 765 935 891 561 640 921 584 798 557 794 746 928 637 705 723 560 968 780 634 
522 551 687 823 965 879 743 677 770 540 556 608 866 875 953 966 513 721 883 992 
664 731 896 773 943 672 501 962 665 952 538 646 847 918 939 531 684 643 740 532 
643 690 837 568 690 621 722 962 547 857 901 522 985 635 644 620 603 830 671 919 
968 738 564 755 589 738 775 961 659 561 817 842 578 535 730 994 837 720 556 894 
709 992 642 792 569 587 730 524 510 534 989 648 573 529 729 532 513 836 668 682 
788 599 902 695 579 514 640 892 650 960 764 906 880 795 583 524 915 608 687 920 
901 897 770 731 982 779 956 726 896 547 672 592 721 513 644 960 680 505 514 803 
737 507 959 966 836 689 806 848 949 764 544 930 986 914 672 793 968 895 946 577 
941 756 950 972 881 908 814 971 981 592 792 997 559 876 902 731 865 604 791 716 
605 969 966 719 637 613 640 857 906 737 985 606 927 787 694 694 662 607 883 834 
827 815 689 986 762 525 774 782 675 715 675 634 726 628 555 619 797 838 514 520 
594 823 613 787 545 542 894 927 949 987 801 771 981 525 616 720 838 837 826 773 

865 907 603 563 502 543 683 925 918 565 668 809 542 957 668 551 873 855 712 878 
718 737 879 997 665 855 968 764 754 673 720 818 556 763 503 596 743 788 700 531 
709 938 509 882 951 686 775 981 617 797 964 789 531 757 541 533 727 906 656 933 
860 730 577 883 823 579 508 791 661 976 927 734 701 979 891 937 645 539 650 893 
508 893 513 898 677 769 738 542 694 584 931 770 879 657 836 536 906 610 592 791 
833 617 859 529 737 889 638 777 738 864 640 915 540 677 671 607 708 940 789 985 
920 629 968 607 808 688 551 951 574 735 872 910 649 612 523 703 522 860 834 710 
719 980 929 733 948 973 529 960 633 908 965 791 593 877 698 746 876 534 870 619 
870 947 561 857 783 902 846 554 743 654 856 976 758 525 716 592 558 921 617 898 
987 848 633 619 600 523 764 874 593 622 653 807 897 664 608 591 672 619 778 642 
795 665 651 815 565 917 788 613 818 564 670 830 907 567 520 592 685 546 912 584 
971 524 746 973 894 750 865 791 850 855 775 750 645 818 543 805 919 634 624 682 
824 630 885 793 960 952 926 676 782 681 689 647 607 537 610 651 803 745 771 736 
552 610 529 959 527 796 573 920 672 653 809 847 825 966 785 863 951 975 657 717 
613 964 921 807 617 718 712 891 716 931 508 853 888 642 952 692 744 789 803 953 
540 919 828 858 792 550 556 972 853 965 954 514 610 950 564 711 842 769 676 865 
924 982 859 695 561 793 701 583 557 857 585 866 593 852 683 684 930 840 689 801 
622 957 607 714 789 620 574 671 890 624 846 685 669 559 808 599 685 525 970 631 
575 567 720 609 504 584 990 550 542 652 575 767 636 760 814 917 744 868 992 595 
965 809 784 947 860 526 623 872 916 597 774 585 692 768 895 804 557 654 721 934 

662 674 907 941 592 866 591 813 660 524 814 916 539 939 860 531 826 832 973 573 
578 940 829 665 992 831 984 786 591 742 720 944 680 538 596 807 640 839 848 661 
623 888 600 825 692 725 874 770 609 880 572 705 594 922 543 863 736 874 920 878 
550 846 870 944 961 610 621 864 675 804 668 755 606 649 627 595 750 617 825 958 
611 598 731 950 954 747 702 629 877 944 597 546 939 911 848 733 652 539 914 899 
517 964 706 950 651 530 865 624 756 787 889 765 602 832 641 518 686 823 634 535 
787 773 506 997 564 576 773 961 766 645 809 914 539 771 905 767 782 849 895 853 
532 979 616 533 987 809 980 608 886 563 786 652 745 843 626 632 513 664 559 911 
536 878 878 837 998 794 717 862 710 627 722 771 824 692 686 875 905 822 508 747 
683 962 994 753 769 539 654 677 831 854 753 726 757 869 516 582 600 564 963 517 
835 607 567 797 681 971 618 589 904 922 822 626 874 644 610 778 885 738 957 948 
588 739 588 502 785 883 859 926 977 802 942 811 553 570 809 641 708 883 997 756 
916 923 581 967 976 508 995 795 605 818 671 625 648 625 837 901 650 799 905 772 
841 695 616 555 880 941 784 977 908 909 995 974 820 536 761 619 672 605 630 839 
696 946 624 609 996 840 896 613 716 946 632 885 991 620 878 920 765 631 743 804 
656 745 731 683 767 946 696 781 726 727 916 812 931 679 708 587 815 782 852 571 
742 573 927 790 790 802 700 918 718 970 985 828 646 994 998 633 744 873 848 769 
541 719 635 981 768 993 631 682 879 766 977 824 981 705 842 627 747 927 633 586 
748 572 588 734 849 928 983 751 696 664 793 737 700 506 940 949 844 822 681 688 
899 507 819 503 595 639 879 984 801 921 899 511 759 967 954 683 602 605 772 597 

837 988 856 910 866 949 938 945 801 659 787 995 971 945 964 580 703 951 806 930 
876 702 786 511 679 892 893 761 854 868 856 979 729 544 587 585 566 959 644 827 
721 600 728 930 849 901 739 591 900 779 710 789 555 740 939 801 603 772 717 970 
830 898 508 718 637 854 627 687 996 681 569 630 742 914 987 919 957 913 632 786 
665 951 579 936 940 907 773 812 762 862 626 701 894 825 936 583 644 856 571 983 
541 990 953 652 930 740 541 740 630 765 685 864 968 669 563 617 744 811 762 836 
872 709 569 908 627 894 837 579 656 908 714 507 866 593 788 948 539 570 596 935 
947 757 730 669 755 835 907 974 795 783 679 655 593 545 955 921 610 627 512 701 
690 861 933 588 511 997 630 501 752 791 737 878 642 844 765 503 827 713 944 850 
552 946 701 975 541 805 611 922 955 927 884 984 517 662 963 526 555 676 859 942 
911 963 617 504 705 529 839 751 908 778 563 992 834 566 737 744 654 674 786 902 
839 602 982 621 790 669 743 995 580 851 967 823 501 858 667 583 793 562 947 561 
844 967 727 588 675 653 690 572 795 781 894 738 570 713 848 700 861 641 945 674 
621 899 744 986 624 613 532 694 926 888 731 573 559 857 950 829 569 809 872 944 
636 784 517 561 521 746 958 604 842 891 592 688 831 866 525 701 830 834 829 751 
669 642 546 616 903 849 927 549 558 520 520 991 973 790 623 859 657 976 898 613 
808 699 592 927 795 932 568 837 735 898 560 608 722 935 800 514 894 616 881 716 
996 959 589 979 540 994 998 621 627 804 878 895 582 531 565 583 717 951 605 983 
856 964 657 889 771 569 527 712 609 687 639 501 897 825 872 833 710 913 514 578 
899 907 757 948 690 538 717 771 934 702 797 907 896 860 821 512 808 622 766 833 

777 651 723 893 648 808 885 711 886 649 611 656 940 936 838 949 771 569 733 647 
792 833 602 522 881 508 677 933 857 907 806 724 646 718 587 799 983 971 621 735 
523 522 534 552 766 653 835 539 501 949 594 536 792 699 577 777 571 850 613 743 
656 697 814 922 606 624 875 517 835 889 647 758 759 658 654 927 879 652 939 673 
920 551 751 680 730 548 902 670 856 776 537 861 717 694 677 732 725 771 654 965 
816 689 974 840 836 946 948 589 680 890 725 955 865 604 942 916 505 997 810 981 
950 693 562 709 894 615 850 846 632 722 510 652 664 603 821 875 878 740 503 659 
749 605 513 797 540 563 786 907 617 693 875 730 925 804 963 513 648 513 663 614 
713 711 651 798 993 778 974 538 548 657 949 789 549 520 943 626 595 614 544 527 
686 948 580 771 607 695 812 599 533 585 766 822 681 603 567 924 795 544 825 534 
562 772 570 729 568 992 982 950 816 974 586 708 573 981 870 626 695 650 724 619 
836 827 981 701 759 536 548 960 964 700 564 751 609 741 943 882 639 826 579 758 
966 834 700 855 929 962 960 918 737 812 570 520 562 981 844 610 581 639 624 633 
829 606 578 872 933 959 793 922 760 539 997 631 605 742 911 736 543 762 611 922 
679 727 847 835 769 896 794 626 709 674 718 689 793 654 681 752 966 736 781 947 
610 933 813 721 947 579 880 998 570 814 761 947 841 595 505 629 855 757 866 579 
780 779 826 629 630 746 719 888 795 525 555 908 842 631 547 954 528 566 846 868 
870 918 917 707 641 548 937 857 879 926 613 507 857 979 748 922 522 507 625 712 
803 971 928 601 742 880 538 602 636 649 921 512 887 509 781 820 916 649 531 617 
843 579 640 670 896 930 531 623 731 757 808 771 940 771 683 652 791 895 784 683 

840 813 602 586 664 587 705 899 519 782 578 899 885 650 903 665 995 879 510 521 
831 913 898 878 982 842 811 767 687 960 715 777 614 572 944 981 737 881 510 606 
501 764 562 804 992 732 939 991 506 526 599 761 543 994 562 910 511 936 932 799 
895 616 628 755 779 803 537 958 778 921 599 636 998 808 546 971 865 741 736 767 
837 707 909 510 508 513 937 511 541 539 737 816 885 845 611 953 554 753 781 652 
527 803 797 750 570 597 701 535 740 520 920 812 901 808 587 607 894 924 817 738 
667 821 521 536 750 669 739 686 953 848 506 742 720 776 893 972 985 824 842 900 
775 685 775 599 538 781 771 504 793 565 803 721 522 584 696 735 881 944 547 805 
582 582 620 666 574 743 560 933 952 726 609 834 622 503 717 718 843 890 933 844 
903 723 760 825 934 873 523 577 506 854 921 910 875 814 889 729 633 865 807 995 
509 647 742 539 925 632 930 578 812 594 898 558 508 841 569 882 996 632 709 731 
799 899 557 952 756 734 854 537 820 873 568 652 678 774 675 634 797 524 900 831 
809 907 520 702 728 745 864 814 880 867 782 569 820 564 720 571 617 956 553 525 
663 544 565 549 960 878 851 718 580 511 948 642 571 570 569 770 515 549 651 874 
789 522 708 605 754 827 516 560 775 804 564 723 805 729 982 560 755 736 883 676 
667 718 924 910 790 647 629 716 912 555 536 936 956 958 541 903 773 857 584 545 
779 857 707 914 764 944 981 620 965 724 856 944 718 811 658 712 947 740 650 871 
906 960 667 937 776 940 829 939 568 674 583 715 886 903 662 570 579 669 619 561 
502 767 559 596 980 678 628 893 813 879 752 947 758 583 789 657 804 989 836 773 
859 985 764 697 591 795 508 538 971 533 968 638 612 507 617 578 680 898 953 613 

794 930 744 801 707 600 628 597 997 794 836 903 674 912 600 636 718 840 755 506 
737 704 687 840 853 638 544 830 727 762 995 954 516 530 590 694 635 819 740 956 
791 658 940 896 968 823 548 748 577 651 738 735 926 855 684 825 631 954 768 922 
558 828 812 741 564 976 515 712 877 713 789 767 541 768 952 969 533 570 686 971 
711 883 770 986 603 899 723 632 583 751 897 775 830 618 718 546 672 745 529 671 
897 928 646 757 844 547 990 588 519 509 807 983 577 915 533 657 866 944 689 716 
579 711 561 830 910 991 509 789 536 700 684 770 699 917 565 953 800 618 886 594 
703 831 660 534 502 900 740 671 592 850 903 961 555 939 956 529 707 603 523 698 
528 902 594 777 857 565 749 943 988 740 939 701 935 592 560 753 613 536 833 781 
531 560 927 699 675 946 903 606 522 808 799 730 783 591 583 603 980 585 595 524 
633 766 775 771 610 538 766 536 904 542 573 983 635 705 607 781 803 907 563 693 
687 955 790 861 571 911 576 876 891 934 641 821 927 521 948 874 953 656 615 593 
688 827 670 809 982 994 986 854 651 699 532 506 586 622 726 724 806 557 765 871 
779 644 705 716 824 915 800 970 574 558 803 889 737 908 631 600 672 906 727 724 
739 980 853 593 805 950 872 759 897 513 953 535 970 767 511 811 890 969 694 735 
508 777 613 834 728 933 940 895 609 969 616 691 626 908 758 526 726 936 651 713 
565 974 947 541 916 953 779 683 703 555 769 899 614 892 838 519 939 942 579 798 
605 686 648 654 562 897 594 786 923 830 577 879 758 726 932 514 596 540 955 761 
570 711 696 606 777 612 808 760 644 705 642 748 532 888 622 660 732 985 640 640 
742 537 714 624 969 711 768 993 603 678 636 951 966 749 885 525 908 724 968 857 

595 858 789 520 889 652 578 818 819 527 723 549 587 657 932 853 870 577 897 984 
772 817 771 647 906 673 553 614 732 970 732 785 991 657 763 707 927 903 926 823 
736 731 591 693 549 812 638 505 614 507 972 560 605 842 566 868 679 732 516 650 
536 858 841 699 607 876 739 983 811 655 914 703 552 950 562 585 933 837 893 976 
695 868 664 903 714 549 519 914 854 590 592 663 868 702 866 628 565 548 933 728 
628 542 846 675 554 896 793 549 645 714 625 573 638 950 600 671 652 588 644 871 
529 986 703 635 890 620 501 769 675 549 890 568 675 511 933 949 868 866 972 725 
707 641 595 625 857 735 595 526 630 621 571 858 704 993 889 582 711 793 794 827 
747 809 900 745 993 671 679 528 509 632 730 821 690 599 677 951 716 920 503 884 
888 767 623 579 708 838 773 750 580 712 570 752 563 677 826 609 792 688 664 794 
793 790 898 941 860 572 866 993 535 560 623 954 630 830 981 542 981 688 640 975 
820 777 616 849 836 537 572 750 845 876 898 688 644 687 636 526 562 519 547 655 
676 826 791 865 788 608 627 958 832 923 570 974 570 844 900 813 552 759 583 792 
624 849 534 785 519 626 982 703 936 559 708 604 605 504 563 512 814 762 572 836 
582 966 533 586 626 900 572 961 532 934 950 608 726 984 939 974 998 688 671 659 
866 980 503 757 868 621 524 618 688 790 700 534 527 608 621 666 560 646 512 838 
510 916 569 933 875 610 843 966 577 798 929 850 901 876 702 635 951 779 895 948 
684 892 781 562 823 550 893 591 853 774 526 651 909 834 964 596 940 978 584 794 
756 813 832 954 900 997 620 780 861 973 840 731 791 927 717 797 819 779 746 754 
622 660 716 517 534 935 807 944 832 748 798 738 737 635 586 525 539 713 979 718 

891 783 510 792 810 539 704 866 822 511 991 693 956 913 617 545 783 983 661 744 
736 877 859 648 721 662 626 694 710 718 835 949 639 573 508 973 666 826 779 675 
833 963 573 749 647 607 556 658 787 998 548 804 783 841 695 727 722 703 784 561 
627 616 536 511 798 547 832 638 664 891 757 998 805 988 717 733 752 689 918 592 
841 552 882 590 867 844 705 584 753 767 812 524 506 993 535 503 866 520 548 857 
832 750 821 673 860 580 681 508 958 906 724 739 650 711 921 577 996 641 692 620 
818 650 730 751 506 510 736 826 763 941 822 904 944 836 539 945 581 720 702 535 
872 616 929 512 816 967 965 905 512 770 687 617 768 641 696 955 832 778 749 712 
812 912 931 704 841 571 534 654 745 542 942 670 758 511 767 838 637 530 865 636 
922 653 653 686 818 955 800 976 985 659 864 582 506 872 878 703 637 773 665 716 
873 815 808 882 625 546 678 518 602 794 652 637 933 568 781 859 961 805 761 528 
601 873 696 600 770 717 524 801 667 972 888 807 716 975 929 878 646 585 656 707 
871 682 517 786 942 754 675 884 948 769 880 577 990 869 731 634 582 755 955 875 
905 783 981 533 740 706 528 514 525 711 989 935 932 827 816 570 919 528 953 667 
751 584 624 691 763 976 726 528 876 998 511 579 573 814 641 927 736 676 652 754 
525 937 848 610 893 726 967 670 637 543 783 594 810 712 883 923 800 882 779 508 
763 609 526 540 506 632 525 965 776 685 705 682 505 701 660 648 591 849 772 954 
652 790 665 591 689 683 943 519 970 841 739 533 956 676 910 963 552 571 682 806 
675 929 856 602 658 580 956 927 724 760 916 911 980 906 554 846 532 516 852 895 
846 796 689 760 890 569 897 918 749 768 698 632 815 593 961 865 742 958 738 652 

891 635 932 514 736 734 920 748 955 555 553 521 593 899 819 847 749 768 541 993 
962 802 989 861 797 889 541 568 721 864 973 873 690 927 746 722 929 627 586 735 
620 602 628 755 724 986 664 990 514 658 504 844 699 824 717 889 622 545 669 843 
794 834 734 724 571 914 991 612 656 590 684 754 594 690 670 532 615 610 509 510 
685 916 665 775 533 578 997 541 913 737 608 962 826 788 677 863 718 605 716 827 
703 694 603 591 825 614 547 974 628 916 630 838 566 908 515 766 876 898 654 868 
904 954 913 709 712 551 611 755 948 947 677 573 959 604 625 831 546 888 546 582 
725 955 990 641 766 589 610 731 908 681 794 945 956 894 712 921 732 847 997 692 
639 501 924 599 659 941 696 839 650 620 884 950 955 543 832 839 558 768 950 727 
514 928 772 719 629 868 570 980 587 866 701 730 508 785 600 515 848 799 799 924 
993 740 808 585 852 519 891 652 795 542 642 760 671 935 839 706 870 911 923 972 
887 931 638 646 601 788 988 956 881 808 586 740 509 828 581 713 939 996 711 993 
768 864 653 699 517 841 806 571 799 813 547 705 601 708 596 939 669 750 516 883 
641 530 946 534 690 722 985 923 748 968 719 666 967 787 932 539 669 543 582 799 
889 688 682 995 718 588 969 676 889 608 851 979 825 642 851 628 814 516 539 690 
571 714 804 603 787 527 976 895 776 537 911 729 620 760 921 507 579 820 721 905 
735 802 938 839 533 760 867 802 603 945 771 814 582 800 540 850 855 624 767 676 
603 751 903 764 981 732 578 732 972 813 955 750 985 944 922 775 866 991 913 802 
577 915 563 894 553 875 717 554 802 656 914 706 879 611 863 969 516 750 628 863 
774 919 908 660 572 533 807 573 779 523 768 586 565 987 828 967 846 709 576 716 

848 528 780 953 917 750 871 660 710 858 643 644 996 966 842 772 920 782 536 517 
986 979 629 732 835 581 888 953 773 559 908 679 989 503 995 548 836 743 766 961 
533 820 976 582 796 745 585 533 899 884 519 521 979 641 640 756 887 565 611 624 
517 657 795 919 716 724 947 792 945 594 688 909 982 886 523 814 547 571 722 673 
827 831 540 888 524 930 519 539 604 572 918 659 551 688 762 859 919 624 662 951 
735 771 633 619 973 646 865 983 680 737 890 918 870 505 879 537 609 651 625 978 
851 809 656 751 649 874 627 548 693 541 681 549 593 874 688 661 906 774 520 905 
623 772 560 544 577 972 617 745 871 576 575 622 778 618 823 540 564 891 506 719 
873 592 586 977 975 644 661 855 559 548 637 609 971 563 645 747 928 754 584 769 
513 756 794 754 648 638 638 735 861 870 852 905 997 916 803 634 547 659 934 805 
700 597 585 826 750 845 629 741 805 765 749 811 711 700 959 552 943 503 505 985 
835 527 882 749 931 609 781 622 638 501 911 815 924 966 745 618 927 711 808 925 
605 703 605 658 867 621 667 676 647 745 760 932 605 857 512 571 622 774 972 980 
647 822 562 561 941 679 525 598 647 853 618 945 529 560 960 684 621 713 611 838 
858 901 795 574 588 771 640 845 774 740 715 696 805 939 942 886 791 851 672 900 
935 561 594 716 751 933 602 613 919 844 951 786 605 636 834 950 895 619 732 676 
702 806 560 784 517 665 853 900 732 656 891 829 863 813 963 894 657 521 841 572 
912 635 913 803 722 726 969 719 620 880 652 898 575 858 987 790 825 917 584 988 
873 860 522 918 744 880 549 783 882 597 659 551 937 614 575 590 501 955 618 951 
833 854 650 809 606 792 604 587 943 720 583 903 787 753 840 846 683 584 640 580 

848 502 602 702 798 647 728 871 513 924 700 556 791 959 763 799 650 614 775 662 
664 949 964 689 852 913 619 580 841 553 650 518 698 778 874 531 508 928 625 561 
872 791 680 835 759 509 910 788 909 896 738 928 886 968 887 946 712 957 744 852 
750 589 965 740 684 894 811 703 603 936 768 760 990 919 867 961 668 825 799 565 
716 537 828 997 697 515 646 734 664 762 858 768 842 972 911 819 621 795 926 839 
578 928 665 647 965 931 567 764 885 820 806 618 562 789 854 845 816 514 985 719 
540 525 921 560 818 742 761 805 703 858 665 858 719 725 606 660 827 626 517 994 
804 877 599 723 768 812 821 869 508 630 684 683 558 934 951 540 611 660 900 993 
801 644 592 566 932 937 865 743 703 686 641 949 849 769 843 892 892 989 905 785 
669 586 917 582 520 978 836 994 617 875 934 896 863 841 604 976 976 661 692 770 
912 983 761 714 942 958 672 977 912 898 555 877 580 628 639 928 729 898 776 909 
871 614 601 953 749 644 788 532 658 884 995 576 634 868 672 939 616 670 829 509 
855 822 898 855 851 596 843 917 519 973 784 808 658 738 941 776 644 729 676 855 
995 713 972 730 900 837 866 538 875 886 887 929 766 786 762 661 825 605 926 646 
888 793 580 744 682 501 756 550 502 636 564 616 691 530 982 794 792 742 997 679 
855 910 827 992 514 908 898 936 883 790 928 928 898 916 550 761 644 880 971 947 
904 910 787 505 740 595 555 937 601 746 716 560 885 758 502 872 925 918 630 726 
881 763 743 795 756 723 858 891 664 924 800 850 586 670 915 609 780 903 797 527 
701 842 985 803 961 693 905 701 917 842 613 664 603 641 648 970 639 786 578 763 
654 759 761 582 589 835 956 606 521 863 538 586 878 934 930 842 514 514 582 549 