5 5
22 35 83 38 90
73 93 84 23 68
77 38 34 94 41
96 72 55 67 59
16 93 89 49 90

589 701 847 506 502 
510 884 867 730 841 
847 616 716 717 887 
802 820 541 665 877 
820 503 992 551 762 

650 998 628 950 904 
921 704 800 659 525 
997 711 956 776 792 
707 871 565 614 995 
739 548 778 928 561 

796 615 622 943 588 
555 595 762 816 661 
532 892 907 618 605 
938 518 670 513 757 
622 701 585 661 570 

718 629 523 679 821 
890 940 585 615 865 
906 810 535 712 854 
844 501 596 848 501 
764 827 610 824 843 

935 801 525 651 505 
969 908 760 866 776 
772 799 611 782 665 
756 504 704 706 745 
726 691 596 721 729 