20 20
92 22 87 56 73 81 88 16 58 23 12 21 25 33 84 73 43 56 44 7
9 15 97 74 56 86 19 97 84 36 95 14 34 60 8 79 35 7 77 84
11 62 38 49 95 25 32 15 89 10 47 49 36 46 72 2 26 76 1 55
67 6 86 50 35 49 98 42 97 11 98 1 61 77 71 59 48 31 27 8
14 59 18 62 24 98 80 64 36 49 99 80 42 39 38 71 43 49 2 49
50 3 56 2 69 55 47 8 51 93 57 16 95 95 28 52 58 20 49 37
2 57 1 24 70 13 68 30 43 22 42 88 66 26 59 38 15 82 9 46
3 12 94 24 59 25 21 47 56 13 51 70 52 79 35 28 18 33 14 90
5 23 54 59 60 38 74 98 29 86 24 42 20 48 70 97 26 1 6 90
70 44 92 18 42 72 37 6 96 15 62 33 98 40 44 29 96 77 96 65
8 4 19 34 54 89 28 93 40 24 73 69 79 97 93 31 42 95 85 64
92 16 76 87 34 35 56 74 66 88 88 57 88 31 76 14 23 19 4 19
58 32 89 80 50 25 83 59 74 61 50 30 39 24 61 78 80 27 70 33
47 42 77 57 78 68 48 62 32 49 61 36 42 96 61 89 7 66 95 28
39 11 95 63 51 93 56 62 89 85 57 43 13 88 14 10 71 69 19 98
96 63 58 69 60 62 19 11 4 53 97 86 48 65 80 25 18 63 11 54
57 22 39 62 76 30 95 76 8 91 92 17 86 45 97 6 67 18 18 17
48 10 22 91 92 45 19 56 55 99 85 18 91 62 4 65 91 82 46 26
65 49 81 75 93 43 73 63 7 50 94 48 83 15 91 54 89 8 93 59
20 84 75 70 73 21 99 6 37 78 5 52 19 3 55 99 73 79 77 73

750 725 520 729 891 703 681 812 544 569 618 922 828 626 567 940 668 679 517 507 
982 928 587 750 845 801 716 725 865 914 854 840 754 843 923 654 647 558 916 878 
653 896 841 805 542 848 611 918 825 741 944 655 973 833 534 762 530 856 660 948 
716 824 951 955 850 623 902 975 920 830 747 892 996 858 885 793 553 921 873 970 
651 882 555 571 893 645 726 855 572 758 918 996 910 677 525 590 974 701 744 538 
987 819 546 836 599 915 906 639 543 728 585 652 516 865 515 533 722 926 898 606 
703 505 985 672 753 716 644 991 622 663 663 648 913 521 866 935 843 905 746 546 
624 571 538 897 902 805 501 919 951 593 963 508 710 793 622 616 591 583 507 877 
556 628 649 862 680 568 890 682 871 715 832 730 708 942 942 685 790 868 673 922 
751 958 582 679 518 624 784 523 569 843 681 947 919 636 900 537 615 633 910 941 
819 815 968 863 921 660 763 768 592 659 756 806 871 863 968 848 752 907 930 802 
785 825 574 909 811 517 582 626 662 806 781 652 679 882 697 794 754 554 586 542 
716 520 604 586 610 994 515 916 925 535 947 871 638 668 745 961 660 708 774 519 
584 822 925 898 518 750 519 894 846 867 845 915 905 846 646 835 722 641 640 535 
963 625 668 992 968 968 866 600 735 887 814 828 756 866 834 820 923 821 546 866 
978 778 647 604 777 928 930 695 676 958 622 865 968 659 623 670 820 649 923 589 
977 832 671 993 589 538 985 548 871 666 907 903 636 744 883 766 734 641 758 775 
858 963 708 679 965 545 761 815 799 968 810 870 703 939 775 754 513 832 674 560 
919 837 674 544 830 970 751 981 904 623 933 890 746 613 558 501 891 520 732 708 
617 834 755 534 625 608 512 515 988 997 723 943 623 822 695 549 873 841 863 968 

921 638 585 614 741 735 580 550 792 805 788 858 610 852 531 531 721 717 940 908 
877 943 725 743 585 792 523 725 766 541 625 979 978 739 915 529 864 518 918 646 
770 929 709 910 613 788 980 760 838 572 811 957 792 598 944 638 862 814 521 547 
908 540 561 621 634 586 811 912 595 857 665 817 554 685 852 688 515 619 684 554 
950 884 776 587 932 594 510 783 584 685 795 584 806 778 604 818 694 655 577 891 
707 708 768 643 762 717 728 920 681 712 904 653 512 912 672 845 996 625 602 847 
639 800 970 682 682 715 828 657 900 963 606 780 567 689 833 915 771 871 812 516 
505 596 969 544 839 970 666 625 807 736 730 553 887 756 824 722 550 641 605 552 
753 850 877 567 821 645 632 509 670 773 761 679 932 816 900 777 522 989 998 853 
674 795 857 680 891 568 869 574 892 554 514 798 709 769 803 513 705 769 974 692 
934 865 948 992 773 713 712 803 744 539 522 840 983 619 811 539 557 764 730 962 
900 788 704 591 939 929 918 726 771 822 950 645 996 905 700 604 882 621 865 844 
779 771 543 766 836 885 877 826 511 982 934 997 861 967 837 865 761 610 522 584 
862 919 932 900 981 547 730 831 703 844 894 975 963 746 792 763 860 594 899 693 
763 589 736 834 951 583 608 785 501 657 851 953 645 579 506 771 989 760 677 849 
790 674 528 683 886 722 945 810 638 955 802 696 912 692 805 860 609 525 673 746 
961 790 756 849 912 791 863 776 773 989 927 708 821 917 558 616 757 703 678 800 
792 803 615 964 826 693 796 876 841 702 507 705 616 955 729 631 521 911 674 554 
998 824 610 927 677 681 667 672 564 624 711 906 919 923 701 673 869 688 690 620 
578 791 651 666 502 832 887 918 955 528 724 827 618 846 763 762 780 917 893 640 

720 960 744 653 956 609 883 719 787 692 518 946 644 981 502 806 593 736 591 990 
776 639 688 690 633 957 851 997 900 513 901 541 753 925 788 796 686 960 797 921 
543 850 847 847 562 984 910 864 833 908 866 527 828 825 865 501 860 696 870 747 
811 801 775 861 804 955 973 898 628 772 889 862 719 573 574 582 825 890 799 760 
562 835 645 966 720 823 805 707 761 968 903 600 687 897 910 700 660 588 734 693 
834 740 605 865 975 763 551 717 554 754 733 698 854 750 623 942 584 556 912 716 
734 669 656 576 562 789 602 865 729 572 966 652 709 680 525 588 522 566 758 952 
506 780 668 994 802 511 643 905 637 727 710 674 776 736 731 607 569 765 529 555 
983 846 588 636 570 722 972 790 742 523 705 620 837 659 566 701 634 994 671 982 
850 646 837 866 845 563 653 861 624 689 933 514 965 668 562 935 620 620 808 730 
973 665 994 911 768 768 841 719 940 949 628 524 943 871 741 694 942 602 910 707 
955 582 904 829 770 820 565 662 709 624 585 768 979 788 882 970 716 706 906 745 
870 577 604 638 926 602 860 574 546 822 852 748 957 763 853 633 513 637 891 783 
961 802 689 974 952 806 618 760 756 721 541 956 536 717 766 992 524 788 586 862 
933 852 785 721 623 931 870 693 584 845 656 735 686 586 828 595 516 981 619 608 
539 660 543 638 623 599 820 976 979 513 804 556 554 730 988 969 541 845 849 969 
810 674 851 920 800 628 739 991 817 880 738 879 952 748 634 846 667 570 631 981 
997 697 974 515 644 959 563 951 692 661 706 786 546 634 741 632 636 603 562 943 
903 988 527 693 878 985 650 991 836 948 606 740 593 873 676 855 887 947 767 799 
679 723 641 929 538 815 532 686 621 798 911 784 757 537 692 792 809 713 573 705 

519 649 578 576 959 645 813 683 745 703 574 818 918 935 784 532 889 590 913 928 
807 784 912 932 697 614 918 965 740 560 644 601 526 663 752 768 722 735 540 741 
651 753 886 630 837 995 923 626 823 845 659 746 515 711 735 736 764 765 974 921 
868 917 828 884 746 590 656 522 885 622 992 962 751 934 836 623 675 575 921 795 
911 626 788 661 884 627 771 852 859 925 822 737 871 942 904 725 793 659 714 532 
864 610 650 722 776 648 605 801 754 579 740 863 524 512 522 588 691 714 633 983 
754 812 961 838 532 609 997 542 626 596 760 883 845 977 895 924 954 892 789 513 
845 667 868 871 586 558 663 645 503 754 717 986 504 560 583 965 885 814 992 566 
697 577 933 645 952 684 777 557 653 769 651 804 523 566 659 853 948 597 718 672 
502 741 864 816 869 747 622 885 806 616 627 751 870 668 921 845 886 775 859 713 
919 992 717 691 756 634 801 657 942 653 760 635 862 824 929 859 679 752 943 986 
539 612 799 628 676 794 742 886 731 612 603 774 641 782 996 694 948 516 725 625 
995 777 645 816 571 587 544 673 622 581 857 514 982 800 899 507 702 957 925 531 
705 903 787 510 772 644 923 841 840 513 814 651 864 657 730 854 662 832 653 600 
753 711 723 521 814 620 512 970 679 528 592 536 961 672 627 958 578 524 753 526 
981 604 960 980 748 674 864 698 617 531 662 904 766 768 701 573 661 577 578 588 
887 509 930 567 729 652 801 871 734 556 539 598 827 984 657 878 962 520 568 577 
919 549 841 685 632 559 800 808 665 646 970 895 696 902 564 684 658 773 695 864 
930 868 651 591 977 630 892 827 966 548 897 649 538 961 572 748 927 575 650 683 
954 873 896 683 522 777 799 916 976 637 571 998 959 932 673 906 678 722 504 722 

960 767 749 523 703 726 983 747 546 582 987 926 656 987 511 751 876 719 603 812 
749 977 964 553 929 569 989 868 794 756 514 536 809 961 984 867 665 838 682 907 
599 670 926 842 738 804 930 651 851 817 778 561 576 814 882 546 921 909 784 600 
877 971 600 807 887 989 604 544 704 979 546 841 879 929 838 602 681 730 600 667 
781 515 823 682 709 578 660 883 826 970 544 966 707 616 509 874 576 765 890 508 
878 971 950 722 817 964 820 608 926 517 689 653 804 755 736 766 604 941 761 576 
558 968 571 617 806 701 820 526 961 878 786 552 540 505 728 657 902 594 802 909 
874 889 879 865 543 786 814 984 803 791 589 918 738 538 979 880 849 940 737 536 
978 870 587 541 513 899 753 507 894 692 869 850 852 575 996 854 643 637 656 670 
572 526 739 865 621 863 867 892 660 891 749 562 516 642 634 896 775 863 982 718 
812 777 937 952 631 947 623 758 633 554 581 559 801 786 705 809 782 622 906 595 
575 812 601 812 890 864 669 797 558 594 770 663 564 914 552 701 771 532 670 715 
752 799 560 690 808 578 776 774 621 935 610 623 823 524 771 688 914 636 506 728 
827 594 885 639 606 658 781 789 966 755 664 905 844 849 746 904 990 603 633 925 
540 924 934 793 984 642 736 902 633 829 543 845 967 814 744 792 916 553 865 632 
930 521 681 932 722 795 701 631 551 940 870 511 948 661 530 774 839 635 856 771 
591 547 741 555 848 507 979 615 516 797 511 625 713 709 702 580 558 584 650 711 
609 775 556 800 594 846 799 957 799 937 819 901 810 819 991 594 961 919 527 935 
932 703 923 857 811 965 670 889 734 521 907 525 574 547 598 632 812 596 909 669 
544 540 905 674 610 653 756 504 773 946 601 659 666 976 613 593 530 786 970 559 

879 976 557 603 898 647 948 949 668 722 933 640 672 930 978 662 896 606 797 671 
955 897 815 831 974 991 766 769 641 687 651 996 838 756 565 898 805 606 911 901 
933 793 630 616 967 521 520 520 917 726 545 722 565 555 662 611 628 583 547 530 
987 808 541 601 513 630 589 995 700 663 837 985 554 869 972 524 986 826 539 954 
656 700 674 914 505 964 837 678 717 965 950 590 799 538 816 567 565 589 523 838 
732 524 521 748 675 711 794 536 722 903 980 962 651 556 701 567 718 781 778 964 
517 546 508 990 847 560 700 858 589 560 874 715 894 570 705 952 738 621 744 751 
592 568 603 998 702 674 600 676 905 964 872 742 922 735 841 853 948 856 830 754 
774 813 624 715 614 615 728 754 534 594 726 516 952 615 567 758 783 624 853 614 
650 525 980 882 942 605 613 957 975 672 504 970 870 506 692 523 839 983 976 501 
751 822 666 737 720 817 859 501 668 679 625 561 993 823 615 787 679 971 850 772 
533 798 771 659 572 731 661 831 616 615 825 976 752 819 990 740 783 819 671 870 
583 693 804 811 705 578 525 674 721 774 684 956 520 678 943 888 580 501 894 528 
529 924 559 850 873 972 585 658 527 593 877 593 856 645 639 587 537 809 592 695 
582 526 655 668 852 853 521 848 577 542 639 752 747 864 985 642 784 886 812 566 
805 774 903 940 728 864 545 624 632 583 770 911 934 937 614 979 690 883 997 504 
649 763 781 813 838 772 542 997 976 854 683 839 583 777 711 582 976 727 650 562 
827 607 778 603 998 553 578 569 525 585 619 912 833 943 984 690 902 853 957 645 
924 745 543 609 730 736 805 706 748 840 920 921 635 713 620 904 991 711 726 855 
869 994 654 904 525 760 992 653 823 525 595 939 791 668 695 816 918 726 929 638 

899 774 536 891 670 973 650 769 760 984 525 923 813 899 731 508 864 857 782 567 
735 959 525 844 701 775 975 926 864 828 695 849 907 717 820 715 989 567 892 749 
661 957 929 676 933 762 995 592 908 770 931 995 521 986 838 781 745 904 557 510 
712 728 537 701 645 766 911 642 703 613 502 922 854 624 579 642 504 857 889 854 
717 894 796 988 728 667 580 950 995 572 580 502 813 958 736 812 956 792 830 614 
994 870 504 897 684 532 762 618 574 794 704 850 637 734 636 930 969 522 628 763 
875 652 698 648 763 614 762 546 717 780 547 793 749 638 587 818 526 529 912 946 
683 577 631 601 694 792 905 847 779 968 714 703 884 645 700 970 981 683 565 869 
817 528 580 963 654 941 698 651 945 735 968 844 701 717 534 662 783 875 628 728 
764 699 946 896 543 902 704 966 735 864 807 893 991 942 896 810 686 782 677 831 
667 758 629 568 579 663 548 508 666 531 757 806 580 711 659 617 803 645 969 851 
512 725 953 561 712 692 785 941 505 995 857 890 717 833 617 945 926 521 572 516 
860 811 580 729 661 639 511 631 756 906 963 683 505 629 547 616 836 987 752 654 
707 800 656 864 572 547 918 992 595 996 803 644 906 816 634 929 709 598 633 694 
842 972 591 569 643 903 804 634 837 740 659 645 786 808 883 962 868 710 611 894 
872 550 966 813 535 734 952 739 683 633 678 946 638 952 781 951 536 613 958 686 
598 551 906 943 917 610 742 833 870 591 565 918 995 817 873 786 523 770 838 644 
988 981 628 636 809 953 955 952 736 533 592 893 750 732 901 583 504 611 816 945 
635 993 909 738 626 905 635 915 703 826 707 725 771 841 791 886 501 832 623 993 
553 863 644 705 836 558 818 548 668 784 889 882 812 665 516 787 681 523 654 893 

698 777 764 910 844 820 847 510 510 559 700 586 712 639 554 529 769 896 687 545 
824 531 815 505 979 568 830 929 650 807 946 540 756 549 568 921 509 855 678 658 
737 776 692 708 729 824 585 977 869 901 667 911 867 927 764 849 859 973 909 555 
899 936 662 704 892 768 714 750 904 537 588 818 658 561 605 505 843 982 577 940 
753 756 955 707 567 777 764 806 593 994 856 854 952 558 811 973 516 516 827 873 
994 564 625 974 842 802 743 931 631 864 607 637 689 825 853 761 529 966 776 857 
952 591 757 552 755 559 843 690 717 758 508 552 608 538 515 907 799 734 602 904 
963 679 934 623 719 690 688 786 685 751 868 669 750 692 576 910 772 675 738 648 
773 625 583 960 774 510 597 913 668 702 678 876 703 676 664 691 938 570 714 997 
891 731 613 571 855 894 865 890 567 596 597 872 658 525 702 812 695 566 918 551 
569 647 749 636 669 805 993 563 940 804 904 578 508 808 815 572 629 788 915 864 
673 891 580 755 954 537 825 858 922 946 824 861 839 546 980 680 629 786 866 865 
565 942 885 764 952 604 842 737 970 667 729 710 615 725 739 796 572 621 505 948 
747 547 537 529 560 968 582 897 709 970 997 846 769 590 501 717 684 568 831 686 
943 603 954 958 758 526 551 696 702 945 598 688 888 525 520 909 591 863 949 971 
752 600 846 718 794 704 876 558 789 575 577 666 680 951 660 972 961 547 760 607 
528 844 852 694 775 606 712 937 638 617 605 865 730 781 694 813 910 972 822 985 
541 997 925 639 672 908 925 795 808 677 757 691 722 733 569 566 752 960 639 669 
551 601 692 879 623 934 822 881 696 844 878 604 601 911 512 916 729 761 732 708 
561 853 806 884 638 602 923 566 553 627 591 815 659 817 748 650 646 582 655 738 

663 771 869 820 503 639 909 996 612 560 684 979 890 505 772 933 823 557 912 645 
709 779 871 662 554 610 930 553 867 728 754 857 506 552 775 745 851 978 622 787 
978 642 871 608 825 849 631 597 837 985 878 914 944 545 746 902 503 682 563 867 
928 692 992 869 658 916 864 650 549 965 933 634 978 991 928 823 771 853 791 778 
656 529 817 554 657 962 828 631 991 828 586 682 736 702 842 783 620 585 649 604 
628 930 534 855 732 721 767 822 777 812 711 921 960 734 915 556 721 521 927 816 
981 585 725 858 546 556 787 929 846 682 616 845 683 987 637 845 788 862 682 736 
798 724 868 742 710 897 653 916 561 878 651 673 903 689 711 659 596 711 580 527 
576 985 697 768 756 626 631 813 590 740 984 861 765 695 832 526 735 948 974 983 
540 972 854 588 608 951 964 625 852 636 888 824 677 812 644 963 663 589 821 734 
819 851 571 826 556 882 824 979 597 555 645 769 812 543 832 744 549 802 919 983 
668 646 771 733 876 895 892 674 613 666 981 894 690 739 669 554 968 776 738 855 
878 664 841 632 557 514 767 938 879 790 880 961 719 778 773 774 718 778 997 702 
966 614 867 824 715 549 968 663 774 779 704 756 675 751 671 821 862 789 734 911 
558 614 886 896 832 944 568 768 648 520 554 721 661 539 504 554 718 548 966 955 
915 757 732 662 889 518 586 964 846 636 534 522 512 825 675 935 943 612 671 565 
546 637 912 818 634 992 763 911 507 825 672 779 994 920 932 781 762 955 583 606 
567 639 871 803 980 784 984 567 991 554 697 507 818 748 664 952 879 618 960 614 
663 900 850 673 750 622 572 968 927 985 969 971 787 805 916 506 877 933 563 966 
758 932 508 553 634 590 619 790 913 652 702 688 782 796 620 711 905 899 645 883 

947 715 914 639 544 826 547 931 717 808 522 991 807 675 610 718 604 537 609 996 
583 689 778 965 609 978 965 859 875 801 632 860 965 542 665 846 894 595 745 738 
997 534 615 520 685 689 868 951 748 713 574 987 819 907 599 542 637 770 979 987 
855 803 834 543 753 640 588 551 792 586 576 954 934 797 980 554 876 882 621 692 
860 830 791 927 639 551 737 623 900 603 943 583 528 856 923 904 896 587 850 721 
588 617 733 773 677 577 569 711 937 914 550 914 531 761 815 668 595 807 715 922 
689 526 677 930 641 855 660 675 715 616 788 582 946 781 647 957 526 782 646 789 
978 622 603 511 829 728 695 543 669 644 734 657 600 850 876 886 995 965 835 732 
964 857 555 599 563 578 637 696 964 719 710 923 720 983 794 727 847 740 878 896 
721 890 779 871 739 720 531 662 946 664 538 902 655 642 637 724 927 835 916 635 
637 979 935 601 567 866 659 686 534 712 890 524 736 980 928 880 875 639 930 708 
859 665 819 990 667 941 842 898 866 521 813 895 515 629 896 931 629 937 572 875 
856 684 894 928 930 887 867 865 691 934 733 859 795 646 751 646 536 522 926 938 
619 923 679 637 797 740 564 754 903 695 642 628 582 638 860 872 620 940 544 527 
966 940 533 966 547 981 703 580 667 507 564 518 828 755 683 947 631 542 994 717 
920 589 626 978 520 852 631 746 550 969 962 792 878 659 858 525 890 638 840 965 
656 981 680 696 584 633 991 993 559 741 856 847 876 527 743 508 825 641 604 724 
511 933 521 864 645 885 597 634 783 543 772 656 807 502 862 640 769 815 555 537 
934 829 670 848 512 880 946 976 501 892 579 834 595 791 956 839 918 916 508 899 
580 602 721 580 695 849 940 676 903 750 508 966 814 690 971 971 564 741 811 767 

535 975 977 559 779 527 687 834 900 880 585 807 900 561 559 821 898 876 971 594 
701 890 749 900 899 884 625 882 716 724 644 504 784 671 686 598 771 907 736 950 
711 681 940 708 789 670 796 624 806 550 638 696 778 752 735 609 833 692 933 704 
982 922 844 661 879 721 802 940 595 730 923 788 919 664 599 811 510 933 584 698 
811 534 887 934 992 780 616 964 688 504 708 758 681 708 760 567 689 972 545 731 
671 534 665 784 851 910 580 952 658 621 988 903 639 901 888 636 740 506 864 951 
763 852 878 917 611 987 808 926 628 878 569 972 627 965 703 642 526 923 888 920 
986 586 901 627 526 898 692 717 629 788 697 702 526 791 824 533 873 875 920 871 
672 865 601 693 957 980 709 709 675 696 510 633 673 954 770 501 923 918 913 949 
928 720 764 718 877 568 715 532 913 676 976 712 890 903 883 834 572 914 512 580 
594 845 884 781 913 877 762 876 730 954 967 578 845 807 900 939 874 690 742 649 
900 506 978 724 582 574 848 554 866 629 713 795 582 825 616 721 910 852 740 749 
667 913 896 572 698 820 527 873 733 873 691 967 800 884 959 683 807 804 580 705 
944 793 877 687 704 655 834 991 506 752 550 772 538 705 859 559 589 712 851 603 
945 689 667 854 568 561 854 839 731 734 630 838 859 511 706 568 590 516 928 912 
747 846 965 731 705 648 951 537 741 650 567 930 772 713 889 629 527 536 666 819 
642 710 997 710 510 853 730 968 576 697 897 839 885 946 588 761 748 834 559 528 
641 554 663 914 814 960 781 807 541 713 965 583 963 779 801 987 633 983 532 661 
675 719 655 522 653 645 555 877 692 704 516 622 941 975 924 694 714 758 890 736 
526 708 631 527 852 593 758 878 527 644 679 836 597 690 866 517 608 768 891 828 

694 837 689 740 711 770 531 816 522 662 949 789 554 865 583 871 836 698 747 731 
936 993 550 525 678 548 531 824 694 724 592 723 693 884 863 775 756 861 712 916 
741 681 948 732 713 968 813 735 998 518 997 523 808 688 968 832 528 683 616 609 
585 834 772 761 612 843 918 962 745 903 626 508 863 529 707 764 501 682 822 778 
944 754 970 896 702 526 779 784 964 688 811 833 552 763 872 565 597 768 535 574 
670 553 695 661 525 793 523 840 533 858 993 765 867 543 876 641 635 522 901 508 
513 782 982 563 554 925 507 693 618 865 881 666 856 985 735 890 572 556 706 521 
948 649 552 822 890 862 605 597 868 729 501 581 729 831 907 790 785 733 691 941 
984 597 952 816 623 709 603 932 588 601 790 961 604 605 884 650 659 777 651 654 
726 608 703 532 863 674 702 856 720 944 653 581 817 636 822 993 842 797 926 860 
795 852 664 877 546 591 689 721 628 862 738 777 892 964 513 770 581 929 721 751 
554 746 954 765 566 660 652 659 738 942 843 762 510 703 869 790 924 784 659 974 
801 578 753 814 748 683 895 842 587 943 976 589 584 970 884 858 673 892 552 959 
517 629 805 797 962 883 866 773 775 541 921 541 598 603 777 892 642 800 865 933 
972 876 553 926 626 519 905 654 648 647 967 715 952 813 927 506 617 996 771 827 
829 771 975 541 627 568 827 992 541 660 831 607 829 795 872 842 933 648 649 641 
821 625 718 653 610 998 996 987 950 665 561 569 680 706 828 954 841 870 595 971 
758 650 891 527 600 539 816 671 917 696 905 909 535 725 812 668 535 881 586 765 
809 996 701 632 504 675 670 703 928 814 527 790 851 737 937 675 840 655 948 935 
818 945 906 732 944 736 555 620 950 783 975 972 690 849 679 940 527 560 701 968 

579 542 779 683 654 926 625 670 908 914 822 733 857 554 970 765 722 805 764 656 
743 520 635 806 964 622 641 751 918 897 661 778 594 528 542 535 723 731 858 988 
511 949 546 605 935 686 874 891 620 997 665 854 630 568 743 731 562 553 756 858 
809 911 756 568 688 715 607 739 880 544 601 962 711 837 830 962 615 506 509 604 
972 613 608 974 523 520 782 785 760 503 820 900 899 800 944 565 835 761 769 666 
682 927 517 575 595 632 741 720 544 855 707 607 844 925 917 632 991 938 556 917 
508 911 508 762 507 862 800 705 951 601 992 574 698 868 793 956 670 859 793 981 
639 998 749 976 970 517 523 730 586 992 728 738 890 562 702 833 915 721 946 606 
646 692 892 628 853 555 940 821 748 851 850 614 726 918 978 756 932 776 735 944 
563 619 889 888 675 844 913 518 871 877 809 760 910 865 628 960 626 635 908 910 
925 784 630 631 794 880 629 782 649 959 785 865 539 785 994 677 678 644 574 931 
535 710 716 787 698 590 727 896 640 860 509 863 857 675 977 687 559 603 627 777 
947 702 645 863 980 844 985 642 984 924 646 956 621 651 546 915 882 840 773 864 
695 592 772 724 971 611 680 890 984 568 989 577 850 638 555 709 585 823 736 895 
587 505 872 841 547 527 554 903 657 598 713 765 884 600 623 501 789 826 849 867 
887 699 921 854 768 625 689 698 824 797 805 778 507 727 632 826 559 730 926 861 
543 600 570 754 549 855 997 634 657 919 512 958 711 606 751 637 556 965 938 720 
585 895 921 688 882 515 598 744 715 882 780 951 635 965 825 592 929 594 613 713 
680 906 509 703 847 567 548 750 828 714 543 750 732 790 714 755 912 832 712 502 
740 539 863 636 649 564 884 689 604 872 774 996 940 531 621 796 952 741 727 983 

826 748 613 604 793 760 988 629 939 598 969 839 593 554 750 807 648 507 866 708 
961 746 820 537 727 970 667 825 533 553 613 591 712 980 504 709 611 612 714 591 
524 947 552 977 741 549 634 776 961 880 639 991 987 609 537 720 889 909 969 535 
930 800 541 652 711 720 737 820 733 926 924 981 956 630 863 560 816 548 679 816 
819 521 770 937 667 774 918 562 926 768 876 671 799 539 923 865 574 681 968 936 
973 681 727 961 933 806 648 610 710 550 788 724 927 989 703 738 820 864 942 724 
535 567 606 615 882 987 617 758 558 855 912 600 782 549 580 635 559 948 564 559 
526 693 647 684 895 979 619 731 843 782 986 965 731 945 908 970 995 950 895 769 
694 564 604 747 647 629 523 648 948 837 960 649 775 655 840 659 604 644 656 706 
505 651 551 635 779 765 850 807 913 539 681 779 723 626 903 938 845 699 508 933 
532 614 546 643 616 525 537 538 756 889 904 538 928 629 929 915 569 968 545 894 
633 671 657 526 825 768 692 798 554 806 868 592 875 890 980 818 505 762 826 554 
687 963 543 631 973 642 824 609 789 557 961 928 574 676 503 744 765 722 532 684 
868 635 933 641 667 698 629 670 547 928 555 944 865 854 653 846 555 610 772 578 
777 961 538 540 567 534 630 689 551 605 549 578 641 830 793 649 997 904 885 683 
554 961 618 751 920 658 519 711 783 928 762 840 775 972 565 833 524 522 936 535 
543 972 769 972 617 906 608 707 521 667 676 990 606 603 638 667 636 636 947 757 
530 981 807 669 718 937 962 548 879 501 971 519 767 884 764 827 602 521 858 674 
907 952 636 537 581 945 514 785 765 956 898 916 668 924 940 816 853 867 507 948 
614 985 700 978 674 552 509 808 504 904 682 768 755 818 660 783 937 991 721 670 

810 817 901 677 576 902 881 880 511 891 585 708 606 825 702 674 546 922 560 899 
575 892 776 665 823 745 765 832 914 907 701 503 809 909 991 715 910 984 552 774 
948 781 532 663 505 884 965 667 831 590 921 900 820 748 777 978 714 664 864 845 
508 697 608 678 585 914 541 704 616 679 643 663 519 721 790 703 506 710 926 680 
914 696 940 531 939 505 697 910 987 580 539 601 588 834 658 602 702 569 997 589 
743 942 958 564 966 513 990 813 700 553 967 778 862 782 992 565 508 783 586 711 
969 788 726 798 628 754 634 582 849 884 847 616 847 529 549 879 766 770 643 537 
904 859 529 949 576 585 934 887 548 782 579 676 692 908 741 896 825 644 950 900 
712 888 817 651 834 544 784 874 745 812 569 958 911 605 510 809 715 800 682 837 
996 776 829 725 731 736 808 580 588 814 546 956 663 754 945 601 914 617 562 848 
583 778 928 686 917 862 968 856 979 522 643 701 616 849 908 808 764 899 880 597 
988 965 646 750 796 566 839 683 983 799 511 875 964 600 751 886 969 744 971 674 
542 781 503 694 842 915 765 892 697 697 708 613 956 882 747 735 575 888 510 670 
692 604 871 943 590 783 832 989 659 993 945 588 949 746 988 922 861 813 591 838 
804 900 641 875 925 563 529 836 567 767 911 573 646 650 995 676 765 874 956 723 
870 869 832 703 770 969 616 695 859 692 513 841 857 801 559 503 676 907 535 629 
682 549 612 641 892 630 982 744 982 517 623 569 727 763 933 791 691 724 736 780 
843 543 979 610 615 910 738 630 605 596 987 742 812 620 617 771 641 509 787 739 
650 940 820 991 981 730 866 566 882 606 872 679 863 566 610 642 827 956 799 920 
864 653 818 528 509 859 965 874 663 778 608 874 993 704 980 918 511 621 766 791 

525 943 986 616 792 919 831 718 538 543 837 672 656 658 896 842 859 824 748 883 
998 812 527 866 781 984 613 557 674 841 696 855 700 961 706 957 911 936 906 954 
577 698 958 931 987 768 974 985 858 935 538 824 602 831 973 659 814 624 662 609 
762 974 877 605 589 903 536 715 689 877 836 729 956 561 941 734 507 593 757 968 
965 803 975 748 591 739 971 815 735 837 935 866 975 617 824 506 629 839 891 897 
587 551 666 724 907 606 984 810 506 634 579 581 525 744 645 818 872 746 861 942 
542 577 903 617 702 675 920 505 521 852 544 859 879 802 780 929 595 746 692 791 
796 626 967 840 682 587 794 976 955 902 610 774 947 639 723 851 946 528 737 994 
591 884 580 961 879 910 840 968 753 865 743 546 770 894 825 934 724 599 551 992 
609 725 960 707 953 760 707 516 823 801 818 970 861 564 521 805 993 582 502 717 
687 654 536 902 919 919 701 550 529 701 875 796 792 557 891 598 952 743 948 967 
872 579 839 984 739 893 544 612 849 830 933 931 940 544 678 766 774 870 559 946 
897 992 678 783 630 518 859 736 615 768 694 517 781 793 837 642 575 881 650 875 
511 630 993 591 554 511 602 512 568 587 903 692 800 539 780 532 613 566 813 900 
696 715 754 793 578 596 980 924 529 876 809 728 607 534 951 948 508 937 991 801 
972 728 836 558 613 997 846 521 897 743 956 860 660 859 606 661 643 610 895 827 
545 551 965 630 572 993 518 725 985 641 620 741 661 831 555 882 905 532 953 757 
617 721 699 536 947 813 544 559 763 513 847 539 903 958 602 754 897 647 573 821 
744 984 769 888 749 837 533 938 843 506 544 734 868 870 556 664 711 636 773 920 
513 926 781 598 688 927 576 699 954 601 637 507 992 920 734 777 770 886 580 838 

738 631 564 612 832 548 685 714 662 997 657 655 546 836 852 827 567 801 954 546 
739 755 692 823 924 617 860 598 743 897 676 668 661 548 898 923 871 747 632 960 
969 518 849 774 746 800 844 861 832 636 581 964 926 783 678 588 748 958 791 505 
976 798 774 905 776 849 737 907 972 774 746 783 767 661 822 976 990 912 659 585 
626 858 660 844 721 534 846 501 775 697 556 741 719 577 762 514 730 964 527 569 
663 736 760 656 573 917 696 916 819 916 953 845 984 667 943 529 635 560 961 981 
815 677 506 942 679 782 974 998 958 560 562 776 968 981 817 870 662 811 611 727 
664 918 891 641 902 739 544 725 800 927 971 590 834 979 811 817 924 810 627 938 
539 504 600 988 835 756 521 574 758 511 713 671 660 550 834 841 717 622 782 896 
802 766 537 685 743 573 604 765 931 804 706 516 732 577 871 791 734 865 877 576 
699 684 545 613 969 732 771 910 829 796 628 973 620 668 647 767 569 740 545 807 
583 672 507 546 611 769 680 995 591 679 984 747 927 517 591 812 805 854 658 569 
596 550 743 629 633 664 667 565 926 878 802 907 710 781 541 754 635 759 528 717 
785 872 758 647 534 655 921 723 623 646 537 604 750 771 749 919 726 753 741 583 
699 801 533 636 567 859 713 635 987 871 731 542 954 787 860 546 687 563 808 650 
576 973 914 835 956 876 643 826 672 923 661 682 589 574 921 820 911 760 773 661 
588 988 769 705 602 806 893 541 901 551 965 901 798 784 662 774 726 666 533 671 
630 812 679 850 692 698 776 742 641 839 869 940 837 936 952 898 779 985 527 766 
755 810 907 974 569 861 586 724 967 789 677 768 879 712 967 747 876 807 855 504 
685 951 794 750 848 884 839 834 809 698 793 539 842 818 533 921 519 943 725 889 

734 753 995 758 811 598 528 968 957 965 697 584 654 606 633 524 974 899 751 970 
758 829 664 872 608 720 847 700 924 951 697 704 503 968 906 951 708 947 742 663 
818 914 534 612 677 965 672 540 730 952 919 968 976 877 955 764 967 945 571 921 
813 773 911 938 557 889 851 598 801 706 958 615 896 632 503 563 676 954 708 652 
947 946 701 857 818 560 601 628 582 509 927 882 693 531 514 559 833 632 846 570 
847 619 576 941 633 973 967 629 721 551 787 502 656 917 880 980 843 885 765 654 
690 887 925 807 810 778 662 667 979 814 698 906 761 900 711 736 519 921 683 849 
848 792 944 864 543 891 506 507 615 964 922 995 940 643 779 501 541 919 765 685 
772 818 867 551 530 943 845 883 517 645 998 783 694 792 579 551 710 514 917 585 
713 788 851 524 841 976 795 786 728 688 537 530 556 888 624 973 995 730 719 976 
646 548 603 906 988 739 692 524 635 936 705 558 946 868 803 705 908 850 809 942 
522 715 683 866 552 629 604 599 612 642 809 549 610 718 982 867 848 785 817 732 
943 960 858 536 832 528 527 648 611 687 575 625 623 988 933 991 834 774 990 639 
844 871 522 719 565 942 917 878 866 734 957 627 864 622 832 870 570 580 522 887 
824 947 736 726 590 599 553 801 519 795 606 842 832 652 775 707 935 941 524 805 
901 697 942 547 739 867 927 635 869 820 950 596 794 902 625 727 587 604 974 741 
961 663 938 816 991 772 815 615 717 527 879 826 926 543 897 637 751 733 584 886 
703 617 569 784 579 571 725 587 886 938 758 931 898 722 886 713 585 669 571 630 
766 998 816 822 672 949 642 508 627 795 696 639 764 957 861 540 743 839 877 596 
700 850 935 681 690 728 537 539 747 906 994 866 925 775 971 895 840 672 592 714 

512 786 712 844 569 761 817 607 766 874 830 533 542 815 568 534 563 568 692 752 
962 739 983 832 784 605 612 920 640 953 729 520 631 692 550 735 566 734 916 836 
840 810 661 522 729 564 967 737 949 684 757 683 736 741 572 800 514 631 810 831 
982 846 741 568 635 787 810 922 725 563 860 920 976 777 507 746 903 715 730 826 
924 914 860 886 549 772 798 876 930 736 697 594 550 871 894 890 904 959 825 663 
969 518 596 799 696 687 736 678 959 766 517 935 731 821 609 887 922 977 714 906 
777 873 588 798 557 662 714 543 952 913 823 623 811 654 759 669 620 891 846 640 
943 807 991 815 666 540 831 889 945 556 683 958 548 798 687 965 683 597 665 602 
787 629 585 950 743 739 737 531 658 899 912 812 843 636 520 839 992 633 934 934 
834 811 845 741 660 772 860 650 703 587 513 645 622 677 956 520 644 617 982 679 
826 989 846 614 795 950 762 778 707 566 692 511 912 818 785 672 604 535 528 502 
773 626 692 983 889 630 522 514 970 586 554 633 836 648 738 775 817 835 637 901 
860 894 822 964 915 923 828 696 574 596 867 904 525 967 561 709 849 599 874 536 
657 974 706 501 895 847 687 734 885 884 851 524 817 803 733 857 927 630 832 895 
679 645 788 558 971 674 883 700 560 683 741 756 823 920 649 648 893 991 826 564 
788 600 608 889 831 522 801 839 921 681 833 654 546 746 818 904 810 713 915 664 
988 565 951 924 691 529 684 513 523 934 625 569 559 754 520 668 631 780 622 528 
875 600 559 996 850 794 701 636 726 864 883 584 621 930 652 928 837 547 706 715 
788 908 691 892 571 958 684 718 840 623 668 736 644 576 555 974 949 786 638 639 
607 775 664 762 754 925 712 779 665 905 941 922 573 504 824 528 505 831 791 729 

538 917 651 854 509 731 667 889 618 754 973 556 512 969 911 722 853 981 629 729 
996 617 570 952 550 703 852 597 919 716 722 682 597 907 941 707 904 959 984 741 
990 637 639 944 740 533 673 915 513 576 902 545 949 859 690 624 765 549 510 611 
928 833 545 594 750 529 964 509 962 884 537 642 663 892 803 618 899 905 517 880 
830 908 918 606 794 596 766 545 740 982 508 597 652 820 994 673 655 568 756 518 
589 883 756 679 827 511 837 683 577 797 708 609 662 829 728 934 705 826 736 835 
783 926 689 827 834 671 642 700 782 850 665 654 852 912 695 791 504 727 801 720 
951 901 598 963 524 862 908 828 666 560 974 512 593 641 682 766 585 926 969 851 
990 658 914 941 507 676 714 900 849 519 923 902 973 634 949 803 895 778 612 880 
515 537 649 812 717 945 947 889 860 767 685 709 608 846 931 589 643 821 677 651 
681 834 680 801 577 944 704 568 751 874 880 661 552 668 969 558 847 766 733 716 
651 772 945 807 612 608 751 976 849 506 824 936 933 840 867 717 555 816 601 931 
614 717 951 611 732 794 569 812 867 771 629 634 964 522 615 779 635 881 668 895 
725 911 598 783 704 644 716 702 825 549 813 671 530 636 842 545 567 882 697 545 
773 629 687 989 688 569 552 857 695 583 510 676 767 679 527 975 744 673 569 614 
906 859 827 964 692 616 744 629 951 921 998 565 682 669 924 543 861 535 933 855 
801 881 661 645 788 704 630 813 908 624 936 620 846 667 602 613 605 714 897 831 
559 875 753 835 524 655 772 898 705 920 717 674 951 754 868 735 533 968 877 563 
807 858 978 979 809 738 827 727 976 990 877 509 923 796 790 864 739 740 512 616 
825 505 505 571 596 763 619 540 836 806 915 723 708 661 771 994 924 922 632 919 