20 20
17 65 78 33 42 58 76 59 78 71 37 93 80 56 49 75 31 87 77 75
65 74 82 50 39 70 4 83 72 55 62 75 24 54 15 79 47 7 43 62
76 88 15 57 84 55 76 96 37 2 84 71 49 10 36 88 44 43 62 49
86 46 41 98 49 87 80 25 39 45 45 87 44 35 28 24 83 72 76 21
49 16 38 95 45 9 88 83 37 44 44 13 23 79 6 15 73 2 19 92
77 35 17 24 51 90 71 85 56 96 27 15 47 31 29 68 45 61 87 47
24 15 41 7 59 79 85 53 13 26 15 96 10 88 24 2 48 81 23 38
26 19 50 17 39 38 19 90 38 52 31 62 54 63 1 19 14 12 18 96
56 47 88 33 66 45 79 29 56 42 29 7 96 23 39 81 69 38 17 69
16 39 10 49 50 60 44 76 68 78 10 31 63 37 85 67 80 56 39 93
68 6 52 78 76 31 47 81 27 64 93 16 54 39 52 82 58 8 85 51
9 1 83 79 38 39 88 33 52 60 35 47 66 57 50 33 54 45 18 27
97 78 63 91 63 6 99 15 92 7 95 15 8 81 40 40 53 2 12 41
13 68 3 5 86 31 82 73 2 42 70 95 90 35 73 83 51 91 22 71
51 98 71 29 4 35 54 70 41 56 34 91 20 71 87 99 61 52 19 13
57 96 24 15 16 57 89 5 22 49 61 35 21 51 6 63 56 81 4 26
46 72 67 17 32 79 23 11 20 55 1 51 25 87 35 49 5 90 7 43
50 70 23 40 50 84 72 56 57 87 87 21 32 78 80 42 68 48 25 93
40 51 79 88 58 11 8 93 75 42 38 19 84 76 36 84 1 53 71 91
68 7 65 54 56 1 73 64 24 73 72 77 80 54 54 32 11 70 33 74

226 162 459 184 30 288 109 68 66 462 424 309 180 253 287 318 477 178 425 6 
128 81 128 353 346 441 286 462 290 364 470 8 138 309 126 473 181 246 338 453 
49 356 184 413 5 496 88 7 215 471 409 487 197 239 187 187 4 464 358 255 
221 187 463 349 490 15 179 147 165 445 204 241 57 349 311 425 174 302 421 359 
104 286 243 350 290 111 268 335 253 107 110 363 202 215 210 412 253 468 478 45 
4 387 16 431 314 270 377 216 81 175 16 404 312 185 74 399 151 163 327 399 
80 4 416 55 379 1 124 129 6 378 195 227 268 243 171 112 499 120 140 129 
293 288 161 49 79 381 326 141 11 42 58 109 34 8 141 56 6 66 427 53 
259 176 132 260 401 22 346 197 294 39 286 20 83 374 411 120 375 303 46 98 
341 458 244 232 334 2 400 160 92 424 453 109 1 290 41 81 250 46 425 302 
235 428 269 445 392 374 104 244 34 441 63 457 416 175 351 93 121 60 420 344 
101 287 400 143 384 336 420 254 109 16 108 450 20 321 205 157 25 66 347 312 
419 396 329 80 265 283 351 199 397 251 391 30 383 139 60 164 27 5 411 475 
168 396 494 92 344 419 315 228 287 303 182 245 261 355 354 378 327 93 435 172 
418 279 475 420 108 295 280 327 47 312 102 457 434 15 35 156 340 273 497 41 
479 226 250 490 459 151 109 453 6 87 497 271 25 80 170 153 429 243 14 398 
110 285 370 385 179 420 458 114 31 297 190 70 181 259 421 185 356 485 431 172 
213 177 452 198 236 186 264 180 40 275 46 442 162 444 95 453 440 438 341 349 
299 18 19 246 263 408 299 73 118 382 200 67 159 450 407 12 54 477 49 407 
54 147 491 36 269 86 439 185 44 42 499 482 475 295 234 233 386 436 149 335 

466 17 370 36 118 207 494 344 237 70 182 243 364 465 412 7 248 20 144 492 
264 181 488 114 487 373 435 330 302 189 232 81 34 301 268 326 181 5 67 71 
334 337 303 372 145 154 248 298 63 454 78 284 6 45 148 212 13 325 70 9 
437 444 239 300 269 324 373 246 233 81 438 329 441 474 120 60 312 127 196 326 
79 337 233 107 266 198 164 82 3 3 19 383 310 341 259 51 396 217 466 426 
52 284 23 262 499 115 151 445 37 130 244 47 34 202 177 107 413 138 235 233 
162 228 189 400 372 484 315 328 352 185 15 407 57 393 1 3 246 366 455 122 
190 382 189 320 78 17 298 146 275 360 108 388 465 247 55 249 189 351 277 278 
339 185 490 139 366 160 483 498 158 392 137 462 155 15 82 221 208 25 365 159 
327 423 305 115 385 266 379 362 80 40 485 316 380 72 218 40 371 373 496 192 
178 290 198 257 197 256 44 377 274 426 195 159 167 255 13 319 116 452 303 363 
271 488 127 405 257 373 420 169 92 136 297 331 6 300 273 243 473 8 450 372 
495 379 49 72 235 459 125 49 465 351 136 157 453 428 58 267 253 208 490 495 
173 307 435 264 278 366 364 195 61 356 353 130 334 314 477 242 234 125 277 50 
217 332 491 290 339 457 15 479 291 498 79 31 352 238 443 88 448 90 321 485 
495 414 396 423 417 122 62 69 128 415 336 179 34 371 462 132 100 209 491 131 
342 1 404 295 4 488 431 434 70 301 203 113 59 399 96 311 226 11 287 447 
436 138 29 364 28 422 288 364 330 381 137 395 272 9 211 155 86 449 256 282 
97 444 81 248 319 402 262 258 412 96 36 272 137 260 485 398 364 63 446 393 
252 171 44 446 383 16 62 255 54 299 349 217 258 250 171 318 141 292 462 440 

62 385 437 255 457 442 315 297 127 123 341 129 316 351 250 149 420 191 141 269 
24 194 362 491 133 286 461 464 248 14 284 421 339 271 179 101 46 206 54 463 
60 374 306 69 61 287 281 226 448 296 22 330 21 67 419 28 395 387 193 154 
273 371 314 74 60 115 176 308 107 404 246 150 139 36 499 419 229 2 250 367 
187 389 462 386 285 441 29 31 413 215 73 131 63 461 389 279 459 40 302 298 
162 314 383 272 128 132 340 468 48 240 187 323 117 425 154 268 44 69 439 380 
23 211 110 40 258 259 340 81 259 159 275 32 24 18 133 188 185 423 464 4 
33 389 109 154 317 316 186 142 286 206 384 6 147 16 180 12 483 428 455 394 
63 493 412 224 381 114 459 484 205 219 413 313 132 14 88 245 314 42 353 317 
48 386 67 488 430 402 339 47 308 438 476 259 40 465 86 413 12 7 380 32 
496 55 108 131 482 364 227 68 31 317 136 73 149 494 365 337 461 415 482 489 
376 276 291 7 464 475 352 68 396 216 289 453 350 306 440 427 238 132 109 346 
115 497 415 185 211 322 110 149 134 452 269 158 128 404 351 272 327 107 118 249 
326 252 280 284 477 14 367 274 139 47 130 103 24 83 293 348 386 351 59 185 
107 82 197 382 154 464 458 487 410 95 214 324 132 69 278 403 321 271 325 440 
132 158 27 244 91 314 442 46 13 338 248 159 115 263 253 314 435 38 493 229 
482 37 425 290 354 320 265 273 373 499 225 397 77 138 276 281 108 467 350 497 
372 329 427 495 55 378 24 161 140 161 94 286 365 435 53 210 367 156 221 214 
255 391 111 321 461 408 461 38 232 349 481 427 32 253 313 90 105 170 400 478 
267 393 49 85 275 414 209 437 446 265 434 289 212 493 241 484 423 137 390 346 

32 363 479 235 396 353 239 51 242 470 227 378 439 1 218 9 63 21 359 281 
296 87 120 95 432 420 126 489 320 443 34 143 473 405 150 29 180 169 320 271 
262 405 192 303 231 498 11 420 459 43 482 201 213 495 408 341 243 48 452 314 
356 465 487 352 18 483 372 32 193 181 338 495 69 360 475 307 336 472 204 18 
59 94 414 212 19 234 43 129 422 152 278 293 27 246 165 359 358 359 405 310 
75 50 237 106 488 474 449 233 252 220 72 297 422 120 431 314 158 197 324 24 
475 36 263 83 347 389 17 74 345 167 240 424 217 317 233 433 347 62 439 341 
201 470 18 164 463 102 48 129 353 209 346 292 328 429 102 468 11 105 132 238 
332 272 98 56 484 156 270 131 163 287 484 264 283 165 471 83 447 358 186 160 
358 407 276 449 98 409 457 14 121 427 332 295 22 397 228 170 374 427 147 242 
196 314 428 50 192 220 23 306 389 316 239 441 373 331 408 434 417 236 457 32 
289 188 117 209 219 407 279 312 293 247 323 323 366 14 21 250 46 216 331 279 
89 7 253 460 482 132 114 128 492 21 58 21 485 110 14 370 17 167 120 386 
240 390 345 186 34 220 443 445 390 337 198 347 334 297 390 445 330 373 389 235 
463 475 40 201 225 248 194 406 246 204 469 303 360 249 485 78 209 453 343 27 
458 337 451 301 258 17 289 445 125 279 361 298 348 489 91 488 400 14 355 330 
444 301 255 424 365 16 426 332 114 41 31 213 483 135 35 84 10 434 51 50 
404 299 276 221 271 232 396 147 254 496 296 450 229 30 89 133 357 359 495 484 
350 383 128 216 16 279 233 270 156 177 4 175 492 242 310 4 18 96 247 386 
322 117 56 379 4 334 442 69 265 173 59 69 198 369 382 488 335 451 417 163 

253 438 160 115 440 111 402 348 285 304 260 143 1 211 281 156 332 190 353 487 
365 222 362 216 78 160 266 138 71 37 168 181 236 145 230 405 54 131 224 330 
451 395 61 210 458 449 240 181 440 276 168 368 151 357 100 476 491 493 311 101 
338 206 352 487 134 259 287 248 392 422 201 76 247 362 270 10 260 6 467 440 
283 295 465 450 385 109 346 55 444 306 477 144 311 354 325 11 213 110 457 335 
214 393 63 61 85 1 216 448 232 183 402 64 453 452 225 25 70 59 483 490 
421 469 100 84 284 225 181 311 486 418 395 28 295 320 380 53 365 439 225 80 
285 50 348 414 117 103 130 305 116 373 223 47 67 195 79 350 482 44 355 315 
101 449 110 79 487 153 380 13 448 407 374 97 37 350 259 57 57 225 200 69 
411 274 168 349 372 374 365 260 470 462 338 311 114 480 81 74 273 237 291 275 
443 1 393 385 477 317 231 243 5 328 7 275 299 315 135 231 43 30 278 374 
465 361 110 85 21 236 386 95 88 213 219 26 177 125 322 221 113 430 354 422 
442 148 365 389 431 451 345 20 331 119 431 336 429 473 217 163 475 345 68 102 
427 326 249 47 162 200 332 137 293 469 391 440 426 483 223 152 416 254 86 302 
169 180 419 458 493 407 267 40 74 406 468 255 200 46 113 235 477 449 149 129 
213 42 244 129 248 5 445 215 166 473 119 3 163 180 361 29 464 205 380 357 
408 347 111 351 13 193 492 262 346 72 141 165 490 63 143 477 117 351 88 464 
67 225 97 193 256 463 29 201 86 65 407 440 282 487 482 142 360 272 324 109 
25 374 51 302 262 327 362 54 182 290 118 7 183 223 483 475 304 432 455 381 
272 474 353 101 261 110 207 185 252 350 94 441 495 88 60 433 200 234 371 424 

278 353 253 238 106 21 222 93 85 123 164 161 43 471 252 18 99 448 111 426 
444 387 142 84 110 394 404 342 412 411 440 142 256 391 235 283 228 393 440 223 
274 303 354 413 255 179 346 24 353 143 390 465 110 224 304 217 294 435 34 114 
310 104 85 321 303 258 46 55 473 242 391 57 485 14 63 230 11 410 225 106 
239 311 32 489 304 138 83 149 246 202 24 349 404 281 22 370 163 51 490 381 
113 240 270 384 293 113 346 410 271 259 199 7 421 63 405 103 77 10 299 490 
476 195 327 61 221 141 379 243 328 35 18 36 215 147 480 150 290 346 458 144 
453 411 133 43 128 256 400 318 138 318 26 499 315 399 313 98 272 57 4 410 
350 74 166 315 101 357 354 178 133 17 419 10 240 265 106 297 45 349 345 153 
408 382 38 358 251 189 116 200 498 134 5 66 364 218 187 3 114 244 341 432 
479 469 451 453 89 186 273 422 346 476 445 160 330 79 172 147 369 284 182 209 
174 252 31 374 354 127 203 403 215 291 335 66 213 71 219 228 12 198 73 121 
105 32 403 397 109 111 429 118 328 426 360 461 344 163 42 338 402 78 358 197 
79 331 28 132 130 58 419 81 325 320 299 230 410 67 110 383 497 319 142 97 
400 447 149 470 144 177 122 366 420 360 284 220 305 470 461 313 350 140 313 255 
55 370 114 423 222 399 301 59 180 173 98 97 238 88 169 17 262 33 420 406 
441 291 428 164 231 233 373 137 322 135 112 431 90 367 71 206 333 225 381 313 
475 173 79 269 413 486 93 339 150 93 264 88 433 407 67 420 103 290 182 146 
227 435 421 338 244 433 480 470 142 350 484 368 17 340 104 82 57 39 198 390 
224 185 374 478 476 488 476 398 370 316 187 334 46 283 452 213 4 298 22 419 

353 105 213 275 365 5 278 187 236 251 136 16 144 219 280 427 138 328 341 67 
253 277 137 463 439 415 113 205 372 314 299 470 171 468 215 69 274 52 287 224 
292 427 156 395 244 221 219 341 96 60 152 419 375 377 469 344 66 429 206 256 
43 90 132 33 147 424 185 344 124 472 171 189 302 326 31 471 237 387 114 102 
123 234 473 391 402 493 248 151 378 160 435 71 469 494 306 19 352 479 306 92 
470 435 182 238 83 442 70 169 467 322 273 178 113 161 262 10 446 44 464 294 
371 301 19 77 72 269 179 183 115 418 365 195 184 256 68 197 204 93 421 184 
166 364 260 185 167 172 144 181 479 137 293 76 244 247 119 197 257 56 336 405 
84 152 465 481 399 389 362 331 77 72 167 462 110 82 67 206 198 127 385 427 
463 86 321 191 136 60 77 144 296 303 122 41 280 357 300 204 95 311 393 1 
229 120 425 17 101 367 450 326 325 225 227 93 143 87 150 473 285 441 185 183 
370 96 94 83 10 365 285 361 178 146 429 79 316 466 294 133 90 60 364 26 
491 388 165 418 157 328 476 486 160 22 265 214 189 408 8 103 308 29 478 356 
411 268 386 449 265 149 499 375 329 457 102 185 23 38 354 147 267 391 321 461 
453 322 61 100 493 70 442 449 284 24 412 307 216 52 390 394 416 110 490 470 
438 52 293 235 237 302 371 161 319 245 385 312 114 328 474 387 246 480 168 257 
308 271 383 6 122 249 368 266 453 287 143 220 233 266 122 136 484 88 153 124 
400 419 349 70 337 244 402 478 319 286 437 340 10 146 216 432 267 405 91 35 
273 313 450 281 287 81 330 466 383 446 287 449 272 411 234 75 350 217 236 275 
498 340 357 171 188 384 397 28 8 100 115 471 34 157 186 477 132 69 360 198 

37 264 334 463 380 355 343 243 351 174 330 234 383 11 60 31 429 421 129 16 
384 329 375 429 36 355 18 270 424 275 156 438 436 256 132 457 326 356 248 359 
205 96 29 344 152 188 484 105 390 394 176 450 458 308 106 435 135 84 164 377 
278 122 171 37 177 25 4 347 257 177 412 202 29 304 365 196 304 494 433 293 
182 200 217 455 75 23 165 409 313 356 184 108 128 388 432 446 103 213 236 324 
138 369 301 218 91 20 418 487 18 374 357 14 410 20 97 151 165 84 66 164 
254 67 226 336 212 309 2 90 468 448 381 337 269 416 357 249 321 418 264 440 
300 58 357 255 36 121 279 199 145 4 209 37 416 130 171 257 378 107 244 71 
210 271 105 96 337 411 314 404 401 372 68 496 479 438 296 417 74 432 388 102 
191 32 73 490 418 84 141 63 178 484 16 211 73 100 63 447 1 173 253 406 
80 250 396 80 135 128 139 272 477 373 297 101 440 189 295 150 62 208 243 7 
453 450 363 28 79 397 262 439 157 52 219 487 448 79 169 58 405 273 121 308 
242 360 1 403 423 67 189 123 14 339 161 187 257 351 495 221 63 289 128 189 
270 327 368 478 265 453 186 397 131 357 491 200 17 468 217 246 234 173 99 485 
443 352 125 185 472 237 22 350 265 3 410 374 435 225 212 86 187 480 91 268 
165 171 255 296 74 90 365 231 362 163 351 162 118 8 55 248 319 417 450 292 
188 356 22 427 11 352 210 224 70 4 342 298 34 107 343 103 140 270 483 178 
436 310 245 391 316 43 133 453 444 152 213 331 459 8 87 109 399 206 190 235 
127 331 220 478 1 375 22 71 280 353 101 125 421 73 405 125 283 42 381 177 
46 296 294 231 175 340 53 253 193 71 93 154 470 142 359 77 152 369 84 51 

151 55 321 7 186 169 479 40 235 71 312 57 166 63 387 326 101 184 381 245 
142 412 433 91 256 264 27 228 52 32 80 425 161 93 161 309 53 349 53 131 
404 319 148 404 217 406 123 404 367 155 185 249 433 361 428 386 491 70 6 243 
86 224 56 434 457 85 161 204 259 11 481 459 200 104 142 78 142 53 401 441 
204 389 145 122 48 141 292 17 455 474 469 86 61 428 45 267 492 374 193 286 
371 155 462 148 100 375 229 275 162 225 305 452 342 57 166 279 207 291 117 136 
217 337 189 416 244 81 494 411 148 316 365 201 289 27 369 345 300 255 462 476 
22 387 98 41 214 475 422 493 26 123 280 35 189 486 494 396 63 301 318 52 
68 27 178 491 166 205 481 209 342 174 479 292 119 344 190 121 2 198 468 441 
70 132 245 124 110 339 333 476 104 360 319 103 102 145 274 191 440 273 281 143 
19 76 53 382 460 148 217 265 93 344 215 62 47 283 168 310 343 323 217 324 
274 236 199 216 441 252 492 468 132 191 79 193 289 379 312 318 13 140 286 442 
346 316 436 330 365 150 299 459 468 26 421 201 210 280 274 125 313 393 385 426 
162 398 221 23 274 148 27 494 272 281 79 366 86 243 335 77 3 189 152 174 
31 301 142 473 242 380 344 368 47 164 366 348 364 405 404 56 107 303 344 496 
257 459 179 140 356 365 311 399 154 33 452 204 360 235 261 354 301 356 308 238 
149 182 73 285 119 489 53 336 268 51 480 101 267 201 338 347 53 218 242 406 
462 424 209 253 235 189 80 339 272 255 388 449 435 225 481 417 223 389 186 381 
26 251 379 266 287 309 220 199 222 243 72 186 92 299 379 235 408 232 382 481 
343 439 423 16 370 477 84 223 54 462 269 7 488 195 384 130 148 44 62 61 

183 391 335 26 16 229 247 146 464 485 40 297 20 145 430 299 333 453 183 177 
436 122 224 443 493 424 41 272 197 411 79 183 35 354 45 345 197 36 373 419 
147 370 318 378 136 179 235 415 187 10 133 426 492 262 225 407 452 273 360 274 
447 389 400 304 369 465 477 474 369 491 143 256 201 431 180 218 95 111 267 146 
433 126 289 450 2 212 424 204 220 75 345 367 68 306 192 89 228 307 495 284 
116 283 78 19 122 453 440 413 27 40 410 476 108 255 354 230 373 394 278 237 
373 102 22 32 59 34 421 188 254 152 270 110 367 38 335 436 333 391 83 38 
259 48 299 132 24 385 458 491 4 238 312 223 268 469 472 30 222 21 430 216 
393 498 288 132 181 479 88 491 84 236 179 91 299 3 400 88 424 33 40 489 
421 411 276 127 229 385 282 167 64 162 123 463 96 434 338 25 152 278 304 299 
430 354 392 446 334 377 119 290 190 407 181 153 400 14 70 420 193 482 493 356 
315 427 462 335 248 302 391 415 390 325 51 172 470 453 427 372 377 483 98 314 
368 368 276 135 359 129 371 472 415 197 270 352 110 475 356 468 109 191 463 352 
125 289 337 19 336 255 491 474 285 181 226 484 92 478 418 76 40 325 83 309 
103 348 491 110 269 217 192 207 227 365 37 423 396 103 410 175 40 246 48 412 
400 72 295 354 403 485 469 223 134 307 37 5 217 181 4 141 451 465 405 39 
491 466 361 101 242 460 227 78 171 167 116 17 469 38 405 430 69 173 61 41 
420 317 19 63 204 436 422 438 278 377 403 293 48 386 488 183 195 193 450 151 
297 370 2 425 100 113 208 312 464 259 128 5 329 29 328 402 29 475 58 221 
135 390 166 134 256 260 110 309 54 152 310 242 438 339 315 74 243 408 433 394 

484 380 315 409 384 138 20 23 453 5 458 204 266 348 259 56 485 490 48 390 
416 228 358 69 8 365 22 352 203 301 194 161 109 318 349 344 5 348 268 421 
376 260 33 309 447 199 69 110 123 287 359 482 27 129 456 239 225 12 398 368 
205 391 189 362 458 43 336 89 83 200 436 348 384 342 127 411 484 444 373 487 
28 395 262 377 212 384 67 75 467 227 85 201 310 428 207 471 153 181 366 78 
284 365 99 417 478 136 21 65 159 338 147 291 107 1 97 369 58 395 452 129 
241 476 14 216 353 55 66 23 364 213 197 303 332 56 478 413 315 279 67 5 
477 473 421 90 52 268 443 119 71 476 185 30 125 367 290 409 494 196 64 8 
16 320 49 274 353 472 252 145 71 184 359 197 136 472 278 254 336 226 77 460 
33 97 223 478 385 395 168 59 200 310 5 217 455 381 266 16 446 178 277 60 
41 69 384 349 237 472 234 274 288 475 415 387 315 250 302 59 253 73 301 27 
331 281 311 120 194 442 354 313 188 23 194 49 297 85 144 421 258 375 113 484 
333 335 222 443 94 6 33 420 362 188 132 288 281 332 140 47 496 72 417 209 
51 70 143 57 286 362 436 448 373 69 388 361 468 498 278 332 98 127 88 358 
139 152 458 364 497 258 334 123 430 148 164 237 275 156 40 254 78 175 453 467 
13 311 344 346 287 95 140 221 488 356 378 198 425 39 192 376 78 372 498 330 
327 322 492 447 286 312 281 211 396 337 397 229 37 42 226 479 368 443 75 201 
136 408 375 126 367 47 214 491 389 32 445 61 48 274 157 225 450 227 414 382 
277 424 34 100 441 413 66 394 383 229 257 405 482 449 26 333 349 31 231 124 
135 234 480 341 178 272 21 472 253 265 215 101 354 63 359 348 276 344 197 343 

271 82 318 80 325 280 396 96 200 271 252 377 274 424 293 215 47 239 360 411 
287 39 415 153 410 414 291 99 379 398 36 331 278 197 306 13 132 106 85 221 
311 171 91 39 351 414 31 330 202 47 15 149 308 164 272 191 112 29 228 363 
196 274 309 380 35 17 121 169 267 8 150 141 276 232 192 471 219 204 165 425 
185 136 321 448 419 231 462 92 67 367 112 277 218 211 341 231 156 196 252 492 
458 308 208 48 485 344 421 210 291 27 298 216 59 5 24 20 234 234 364 441 
52 353 57 148 212 441 260 132 46 39 289 387 127 150 82 217 94 233 281 29 
282 37 116 82 264 193 96 416 316 383 327 90 335 454 498 215 64 156 489 97 
483 263 86 384 175 122 463 213 311 247 69 70 128 42 478 389 296 48 491 417 
377 360 491 494 184 175 89 115 207 160 191 54 399 418 94 228 421 237 96 307 
10 351 469 255 301 332 193 77 357 307 455 307 361 226 436 489 122 249 32 71 
426 356 441 495 333 173 278 112 20 292 457 378 482 436 199 134 15 31 36 365 
67 371 157 143 240 329 281 144 87 242 315 83 166 383 337 291 358 145 18 3 
291 56 145 282 14 92 111 350 99 483 151 485 236 245 301 347 53 139 462 392 
13 151 198 296 325 11 27 418 306 208 380 212 79 333 329 124 478 298 127 79 
216 482 216 157 268 130 328 348 218 138 94 134 296 258 439 290 146 266 227 436 
82 153 48 478 356 469 153 499 46 272 267 184 473 387 246 18 385 32 499 27 
105 1 247 403 16 277 420 253 387 296 387 332 458 469 227 96 154 246 346 283 
465 100 442 127 405 402 78 42 407 247 38 360 215 386 369 477 59 122 483 346 
439 45 62 356 129 224 382 444 217 147 37 137 449 497 457 187 114 92 5 302 

457 310 314 438 202 113 143 190 248 443 62 492 351 142 186 378 454 454 447 283 
464 369 20 340 30 145 203 383 342 467 274 365 191 67 428 116 98 475 176 267 
141 97 461 140 368 446 412 442 350 273 491 181 271 462 233 439 420 14 186 484 
152 82 477 40 180 108 403 283 47 10 31 400 82 297 35 312 319 420 493 262 
435 497 197 26 271 456 375 311 477 364 252 394 261 22 145 198 167 53 124 8 
464 298 57 28 413 349 230 328 31 212 360 425 134 94 40 112 482 289 488 157 
478 88 431 382 466 131 404 399 140 200 16 422 407 97 293 86 308 487 107 365 
38 137 404 415 26 28 169 44 302 171 63 21 221 335 488 385 374 405 441 292 
123 185 138 68 436 441 302 403 102 74 109 98 461 457 453 358 169 285 177 129 
260 11 440 225 151 321 13 32 343 271 132 437 10 26 398 155 278 112 426 467 
81 187 78 148 249 292 286 4 475 293 393 158 491 480 287 252 401 192 44 438 
415 357 491 74 150 377 194 375 166 458 360 372 82 337 62 97 10 454 354 278 
366 426 167 151 119 292 362 470 325 262 320 302 376 376 428 118 270 268 280 382 
161 105 122 102 435 58 173 409 402 95 412 8 288 326 175 419 310 177 347 373 
431 493 448 318 114 419 440 309 294 240 151 122 26 423 120 121 211 181 31 40 
231 476 86 306 200 201 450 421 420 476 444 194 423 9 280 431 256 285 420 20 
7 452 253 368 74 359 129 388 280 368 3 226 451 43 102 34 199 311 451 142 
314 178 276 413 46 148 383 70 287 387 56 438 466 143 118 39 125 392 34 342 
232 235 295 100 128 97 350 192 23 357 387 198 165 62 247 266 70 279 268 155 
167 423 457 152 32 29 403 156 363 391 184 315 45 465 276 259 66 468 348 15 

262 77 118 8 226 453 365 16 3 349 315 181 204 295 48 462 77 389 459 240 
29 285 163 147 64 237 244 337 362 1 405 303 328 157 343 336 24 389 286 153 
378 471 141 44 48 406 388 24 120 436 327 430 280 55 222 39 161 41 408 219 
387 52 180 158 354 208 167 24 118 471 196 84 131 51 286 54 381 400 141 383 
84 420 431 209 354 467 485 409 54 312 224 338 276 263 365 2 55 275 84 313 
14 384 467 327 361 471 130 178 11 408 302 4 447 255 217 263 496 325 464 350 
119 138 436 133 337 408 3 250 422 325 79 116 475 158 266 3 290 163 450 138 
476 247 334 306 127 466 144 328 306 133 128 167 330 147 364 3 358 300 445 110 
264 364 317 58 68 84 306 319 361 161 384 394 441 81 180 49 174 107 22 357 
235 145 464 141 148 311 117 44 225 140 426 285 369 403 449 119 331 287 332 389 
16 169 152 477 233 495 369 61 493 281 145 254 193 372 235 20 386 318 224 326 
276 269 84 374 33 35 348 250 359 459 405 356 169 167 361 306 316 458 282 218 
393 254 164 438 462 349 466 200 199 290 430 285 184 49 325 11 186 161 300 412 
252 134 301 194 307 208 497 311 143 401 119 238 389 232 36 290 339 279 99 430 
92 99 305 399 101 346 383 380 96 291 123 105 227 193 169 114 39 286 465 252 
322 208 91 292 442 467 324 415 482 473 124 204 70 29 338 371 423 102 257 249 
316 386 480 165 109 311 24 15 169 376 432 4 407 405 15 452 391 247 201 156 
344 486 35 451 419 122 458 131 365 119 270 233 208 374 171 263 369 262 329 50 
290 280 338 286 117 346 397 340 421 86 8 32 316 284 87 205 31 290 115 204 
288 57 305 407 66 490 387 384 252 180 244 24 450 363 40 276 172 65 292 367 

157 482 216 242 103 190 308 483 258 470 135 13 355 65 427 249 129 315 352 460 
405 419 409 390 352 229 238 392 66 313 473 380 169 172 381 122 179 331 178 330 
420 109 412 68 253 167 456 160 116 159 335 264 129 395 164 239 114 483 12 475 
414 427 30 377 434 229 277 388 35 480 465 293 443 150 113 178 66 84 264 407 
320 344 205 233 55 93 206 302 82 153 92 166 488 384 98 194 325 328 454 36 
73 274 494 168 275 397 459 356 450 268 487 209 252 11 144 419 43 113 442 190 
398 138 428 236 447 359 143 262 283 460 182 52 273 483 475 380 353 10 317 333 
444 384 357 393 341 465 434 265 490 365 151 132 453 377 499 51 113 381 475 305 
272 179 374 146 208 357 428 276 168 21 84 86 436 423 348 190 97 144 198 333 
467 32 446 179 76 78 307 137 277 303 64 460 379 225 23 386 326 488 317 402 
122 197 39 27 412 215 336 178 107 70 75 320 482 479 141 219 141 478 96 292 
142 434 50 174 7 279 385 141 332 441 457 383 78 171 377 129 82 381 397 425 
33 288 292 161 198 210 300 4 430 125 455 141 255 307 461 50 463 205 5 213 
154 431 434 145 273 276 302 435 248 354 218 147 239 279 330 90 82 369 60 39 
54 198 174 213 198 348 60 188 133 263 95 132 487 482 484 395 233 302 200 396 
201 291 429 346 86 364 130 41 197 367 188 251 41 101 224 480 173 208 406 459 
243 187 369 474 3 139 185 345 290 458 93 336 475 231 486 365 53 451 185 394 
226 261 244 13 441 420 238 284 53 136 347 394 161 470 174 64 56 260 274 135 
203 128 304 165 446 335 450 277 167 21 156 486 85 13 27 493 92 183 227 339 
87 319 261 438 433 367 167 465 110 178 302 453 25 51 480 389 65 257 492 365 

188 446 453 320 396 267 422 264 474 465 425 112 57 125 187 79 380 246 325 190 
489 160 58 113 214 441 372 175 404 469 9 272 311 212 221 390 374 228 280 304 
235 241 312 273 20 40 133 492 265 430 101 124 98 436 224 478 182 272 141 32 
349 289 199 392 464 467 401 400 158 1 413 97 20 348 103 461 261 371 242 188 
302 279 398 432 482 153 106 310 102 406 248 314 191 191 219 153 22 124 222 18 
316 467 304 284 314 95 172 405 295 60 204 38 491 336 294 463 240 312 247 3 
210 247 221 37 222 104 308 302 58 9 211 429 304 361 283 498 213 73 390 176 
350 442 230 146 383 132 55 80 119 170 297 267 113 30 387 11 397 441 275 104 
250 95 19 168 104 325 264 210 395 25 181 138 77 278 355 306 224 394 479 491 
72 393 23 339 424 187 206 271 194 257 291 304 42 227 98 249 194 483 41 399 
104 430 396 89 363 198 10 320 368 309 288 470 477 435 347 444 343 249 491 459 
440 79 36 391 191 373 161 481 61 37 40 437 496 22 435 154 362 456 51 190 
336 424 151 376 432 13 345 454 421 372 63 334 9 173 122 410 60 354 308 317 
363 274 140 396 498 125 105 357 474 97 271 200 453 413 492 54 297 309 470 420 
324 254 323 356 424 391 129 105 344 418 3 369 495 294 119 420 312 108 173 148 
398 181 285 108 367 311 417 180 200 188 399 327 237 453 82 360 319 32 326 296 
13 30 349 244 86 450 232 189 479 260 226 346 86 45 20 246 25 231 46 126 
50 357 107 91 140 238 165 283 411 21 392 468 450 191 393 491 339 336 221 286 
155 227 244 5 235 495 456 474 322 383 329 254 35 459 96 129 205 265 461 166 
90 273 410 207 458 109 98 429 436 36 361 170 153 398 101 66 42 8 245 290 

81 70 152 368 494 337 345 459 153 348 375 182 171 160 44 249 52 56 40 3 
422 365 73 209 4 27 173 151 133 344 98 447 83 207 310 388 61 203 257 15 
161 427 97 300 210 131 208 231 236 260 77 297 55 315 158 244 397 233 152 296 
409 140 290 187 185 226 92 328 321 182 404 118 474 483 431 403 456 54 442 493 
372 143 144 296 21 272 395 108 148 286 180 245 101 396 277 426 460 309 379 331 
74 208 377 397 489 361 293 341 125 261 13 62 395 238 465 421 409 342 242 292 
83 487 320 382 210 302 80 101 146 74 78 258 21 152 229 277 291 117 151 27 
296 121 302 452 387 256 272 339 100 314 82 142 387 408 338 120 203 457 141 392 
89 326 30 158 485 99 356 46 460 186 499 195 126 163 1 149 83 497 364 66 
27 368 172 117 266 89 334 114 205 463 331 25 336 27 463 141 67 487 391 98 
1 374 312 194 297 311 5 253 416 454 394 2 326 20 208 411 427 254 76 108 
452 234 40 258 18 95 143 80 256 499 9 448 131 248 221 180 342 61 99 83 
425 11 300 273 132 152 364 250 1 123 110 383 481 52 387 286 201 211 331 67 
471 460 196 374 299 337 373 496 4 170 36 290 354 21 369 214 400 96 349 408 
175 375 234 110 67 307 95 112 447 370 495 63 283 493 170 117 137 328 226 368 
437 119 143 141 233 87 79 118 334 291 135 32 464 222 309 61 327 139 431 86 
118 17 390 434 414 449 370 175 89 349 88 230 304 313 454 414 420 479 131 126 
120 366 94 29 33 230 207 254 229 379 211 310 131 357 143 379 299 71 17 86 
70 233 130 229 194 200 339 26 496 101 118 72 167 232 151 466 388 186 400 3 
47 311 444 277 207 13 187 39 136 31 299 353 34 29 450 132 73 80 160 434 

155 81 243 346 93 160 435 442 437 230 348 194 469 356 99 438 107 184 391 273 
346 97 491 482 176 38 183 411 99 293 274 482 496 371 236 345 50 251 359 12 
407 171 467 437 316 70 246 351 475 234 469 76 275 464 103 384 50 100 118 290 
19 245 230 239 135 167 71 120 387 427 476 371 294 215 181 283 133 379 307 354 
102 142 24 409 40 301 219 403 180 319 36 185 253 169 273 357 452 106 305 324 
484 385 141 315 480 420 456 62 325 140 457 107 401 127 339 259 191 469 242 74 
362 268 193 206 376 140 191 64 417 302 499 170 17 350 397 495 134 202 315 257 
161 302 25 89 308 156 482 194 69 369 49 60 162 130 390 7 337 67 185 384 
89 395 82 440 418 167 296 316 39 68 341 475 79 9 224 176 54 430 266 338 
66 159 218 395 401 473 330 81 171 424 341 464 74 95 117 218 188 131 78 359 
479 186 221 96 253 71 127 9 125 200 9 187 219 66 411 181 182 460 489 402 
27 173 125 64 31 495 408 234 60 109 481 7 285 131 392 440 300 461 1 265 
401 183 26 422 142 191 376 428 450 170 439 118 6 252 35 331 385 254 454 79 
455 183 319 428 75 336 411 135 324 145 458 463 62 199 127 183 344 488 273 137 
496 111 484 83 338 185 332 161 63 335 164 382 19 300 264 351 355 324 475 196 
162 5 168 216 229 100 194 400 474 68 473 321 165 121 336 105 50 79 219 241 
457 403 22 285 326 357 400 264 251 135 89 313 366 235 315 81 274 236 212 406 
156 416 454 145 438 387 252 378 258 498 216 144 381 162 416 331 423 134 325 299 
410 304 43 109 446 275 127 246 460 212 272 254 279 238 103 362 62 164 304 139 
149 298 98 200 490 482 306 267 399 283 352 394 139 333 14 494 277 82 37 32 

490 206 374 366 81 245 212 338 371 446 288 238 230 253 482 427 227 428 335 169 
120 121 418 25 303 330 342 318 46 77 39 267 249 139 317 182 402 1 230 100 
363 122 30 478 430 494 195 113 40 223 239 197 252 264 101 180 374 408 269 142 
228 366 252 439 24 491 461 36 196 486 270 66 499 489 357 184 288 123 356 294 
431 120 309 282 116 53 430 205 310 405 292 159 117 419 277 464 157 151 212 14 
374 194 326 403 69 23 387 67 137 352 490 182 178 149 350 224 36 213 312 215 
65 445 27 479 194 306 124 359 463 434 171 488 113 445 76 21 170 110 9 307 
485 264 265 24 184 303 356 148 481 432 443 52 406 138 60 81 325 195 356 111 
60 328 404 218 375 180 325 424 352 139 241 339 185 458 313 99 96 374 174 206 
498 196 166 195 402 363 163 314 452 296 405 258 407 142 348 437 177 318 162 218 
347 479 365 35 446 182 389 265 410 116 244 316 329 68 81 12 107 235 142 40 
153 349 406 421 354 241 376 464 192 354 226 161 431 47 344 198 280 363 75 216 
239 25 483 235 13 26 462 147 154 134 468 248 400 289 143 129 299 140 386 269 
395 193 229 71 258 402 263 39 36 38 471 183 111 178 103 11 33 192 313 314 
458 423 180 474 94 61 113 50 70 352 462 201 362 332 27 280 317 53 171 281 
283 191 33 324 381 121 496 315 422 271 66 323 78 72 194 48 236 302 255 383 
18 429 178 482 460 119 341 381 170 474 364 143 398 7 208 29 219 67 38 369 
100 211 443 70 381 60 391 406 466 268 401 351 161 263 96 163 238 184 334 458 
456 277 70 209 229 249 92 313 331 282 199 397 163 197 158 115 183 388 292 265 
218 103 451 299 131 81 224 120 305 235 170 474 392 179 51 22 415 241 239 167 

280 47 305 253 11 363 189 292 237 392 356 318 68 157 62 389 442 375 310 197 
274 38 453 107 410 400 296 274 263 492 119 149 68 355 166 6 416 109 492 415 
160 481 287 291 288 300 369 158 238 342 114 103 237 194 366 371 445 339 369 184 
477 347 113 208 273 312 448 93 143 378 15 147 398 271 476 466 344 429 35 111 
346 283 427 197 5 493 341 321 129 132 376 130 192 421 137 217 25 378 103 327 
457 193 267 141 292 178 74 19 70 60 197 243 391 50 121 53 314 480 302 399 
390 83 186 427 225 344 108 392 191 352 183 411 375 259 179 411 471 415 273 100 
333 323 306 193 387 15 251 421 478 75 45 99 373 109 343 326 348 427 28 367 
465 170 357 162 311 68 497 127 54 360 288 469 44 438 137 393 484 106 60 190 
228 329 97 26 371 45 407 130 487 198 55 166 225 294 354 144 169 320 3 308 
321 268 432 110 261 468 136 179 405 42 362 315 241 375 400 79 88 258 238 455 
41 102 448 85 423 54 255 119 497 43 178 188 70 98 481 82 499 247 259 262 
462 320 34 81 345 103 172 39 181 485 120 102 46 249 42 220 286 406 395 429 
63 404 324 475 429 241 130 87 342 277 90 16 201 32 19 204 210 495 468 233 
474 47 43 24 275 174 498 141 39 374 68 272 275 418 357 237 18 138 329 203 
393 354 361 263 344 464 349 260 440 395 422 381 168 415 464 136 392 18 77 52 
443 74 453 374 272 292 409 360 58 203 430 9 148 410 94 363 121 408 242 225 
110 441 485 317 175 437 481 476 318 18 480 350 322 178 298 498 216 103 187 272 
112 493 222 368 389 357 168 87 335 125 60 341 376 259 411 381 420 199 179 163 
293 128 37 177 234 235 348 182 412 457 349 242 368 98 310 369 58 413 147 233 