7 7
76 95 93 29 82 78 5
84 50 80 68 44 52 62
71 97 17 86 50 58 67
46 62 72 22 94 98 57
40 94 79 80 15 27 87
46 45 47 26 44 69 74
19 25 69 49 83 53 92

206 438 425 419 81 214 118 
58 475 286 170 407 176 122 
489 124 139 459 89 177 344 
180 156 79 434 346 120 137 
489 2 60 178 133 23 362 
272 260 346 172 397 86 386 
334 280 217 195 372 312 122 

450 429 335 488 233 159 138 
273 43 14 447 61 58 246 
352 117 414 263 186 133 136 
227 443 396 60 458 90 65 
364 498 258 322 432 239 125 
192 52 193 264 294 295 225 
470 110 127 14 48 117 278 

258 308 491 229 483 305 260 
145 64 166 300 207 215 1 
262 273 60 469 233 479 407 
498 229 273 315 309 201 95 
473 106 306 388 4 30 420 
99 326 46 253 122 338 8 
23 135 315 387 52 470 89 

409 433 55 250 400 351 187 
405 26 145 136 471 7 135 
292 489 315 136 366 46 143 
22 381 146 189 130 400 494 
344 333 46 253 206 438 143 
100 25 163 492 246 79 48 
31 78 392 364 388 103 190 

432 211 276 239 49 64 207 
221 320 386 308 43 358 306 
142 271 282 498 342 5 264 
496 208 412 383 71 331 275 
10 26 212 208 317 493 259 
466 321 307 121 159 441 269 
475 226 179 273 82 498 78 

256 136 474 187 477 190 422 
8 60 148 491 250 331 359 
319 206 293 72 217 84 431 
331 488 217 234 392 419 483 
236 77 91 118 273 251 255 
90 96 467 337 79 378 288 
268 282 108 17 273 126 292 

493 2 151 159 104 347 291 
457 344 319 303 498 16 125 
155 69 267 242 421 121 332 
39 15 44 169 434 100 213 
364 370 385 13 497 124 214 
407 414 376 62 455 346 100 
425 201 62 354 213 334 378 