5 5
58 52 78 60 73
33 48 46 52 92
86 59 80 63 31
92 85 5 56 2
28 75 91 49 78

320 381 123 45 114 
335 308 496 82 402 
112 275 207 415 487 
313 475 20 382 28 
454 379 332 194 322 

483 66 231 279 219 
476 377 381 344 259 
311 75 466 365 6 
429 139 110 382 442 
304 16 242 484 300 

468 406 92 392 163 
97 158 443 275 151 
305 329 309 249 208 
208 327 346 73 177 
288 315 353 392 181 

183 337 397 483 477 
206 232 433 252 453 
280 252 10 18 363 
145 155 482 230 381 
467 326 176 241 135 

499 106 314 102 140 
296 54 284 458 237 
145 251 141 232 234 
477 407 185 445 389 
98 87 309 202 27 