7 7
62 42 19 51 94 86 3
21 90 4 61 92 61 13
18 75 86 4 78 35 64
48 1 95 38 57 27 18
92 61 46 64 6 54 50
30 70 83 61 40 5 53
57 21 65 84 21 89 49

555 631 547 734 732 835 696 
993 723 985 769 802 989 892 
910 894 824 543 714 507 612 
575 645 976 672 896 891 506 
887 974 674 637 512 983 860 
665 978 610 828 908 917 741 
795 895 550 841 901 637 976 

789 759 581 875 777 993 679 
542 932 915 898 914 900 599 
968 799 762 603 689 595 645 
784 731 874 724 563 968 537 
936 894 733 618 584 854 899 
847 789 706 511 561 625 711 
539 641 966 749 980 806 827 

708 766 682 690 793 561 667 
813 512 550 542 683 620 812 
775 798 995 647 639 892 783 
994 775 717 540 633 755 708 
683 695 979 977 743 610 935 
804 563 783 799 512 677 530 
724 909 656 720 965 846 725 

703 629 665 764 627 691 506 
622 701 569 843 967 863 673 
502 842 671 877 873 896 545 
717 512 803 656 671 542 647 
594 685 818 648 938 608 836 
674 772 831 874 835 978 956 
755 631 569 822 937 768 866 

680 672 806 638 709 729 771 
659 528 903 626 645 897 615 
705 724 853 996 704 629 779 
950 760 677 637 893 780 734 
853 822 833 814 535 669 985 
611 791 954 642 675 848 566 
646 758 924 725 771 853 976 

572 546 743 710 868 670 589 
894 949 586 513 708 908 989 
594 704 911 979 969 717 578 
848 997 747 893 882 859 727 
582 796 713 838 572 805 536 
551 580 562 531 889 912 982 
568 572 741 902 836 971 975 

898 680 628 523 831 556 749 
729 778 542 559 960 542 630 
752 717 957 866 587 983 611 
652 660 901 796 575 685 880 
691 714 890 908 506 788 865 
805 864 640 745 842 921 947 
805 687 732 750 546 816 986 