15 15
73 92 60 16 47 8 82 64 96 32 85 70 54 23 69
23 33 52 51 46 56 66 54 35 35 60 14 32 33 26
64 89 90 1 37 80 40 38 62 67 78 14 98 37 65
59 65 94 66 18 50 15 34 71 94 6 18 79 92 55
19 39 18 95 99 53 69 43 65 58 73 91 11 49 56
67 24 7 75 87 22 47 95 31 77 78 33 5 16 92
63 63 32 37 41 78 54 14 61 89 9 12 70 92 13
48 5 70 71 12 80 53 64 23 4 11 74 58 61 25
98 18 64 88 43 17 69 77 36 26 60 19 85 75 44
5 64 43 50 89 2 12 90 65 61 72 1 49 50 26
4 18 18 82 66 58 15 18 64 67 24 63 64 40 10
56 28 17 19 29 50 91 13 95 40 33 41 95 29 82
31 23 22 45 86 94 26 69 16 39 19 45 26 1 65
4 26 37 51 7 57 60 63 92 3 86 34 50 66 8
9 82 80 3 73 21 28 38 11 19 23 56 20 43 39

190 362 305 107 330 166 240 14 27 370 286 259 352 429 340 
322 272 322 117 439 44 323 230 106 78 446 172 283 175 28 
441 188 354 33 471 366 499 389 88 198 385 23 421 425 18 
440 241 468 104 422 458 316 109 94 283 342 388 278 338 493 
385 499 371 37 412 370 88 199 297 200 403 192 272 264 437 
87 251 467 201 192 392 313 236 256 477 333 63 170 489 87 
285 145 433 44 274 322 5 383 95 154 133 314 104 241 334 
449 450 442 124 317 385 406 400 393 274 6 207 157 226 439 
371 327 29 136 442 50 402 377 6 117 380 439 85 6 449 
213 228 212 86 67 370 252 210 413 409 368 177 401 498 189 
490 379 368 315 225 451 349 121 321 108 199 58 486 224 370 
18 380 403 269 390 149 406 402 38 126 28 170 211 7 222 
44 167 369 205 347 181 234 92 263 119 497 293 400 312 347 
242 88 393 25 53 307 433 41 256 311 6 177 127 327 496 
378 302 90 440 398 285 303 342 486 386 373 131 80 410 283 

326 428 99 156 15 179 9 187 421 419 246 388 241 401 255 
170 395 62 298 329 247 291 3 378 85 455 434 57 14 188 
308 180 332 394 304 123 183 332 302 192 185 412 144 444 130 
291 22 176 444 141 130 377 84 443 40 208 84 69 432 391 
166 44 105 398 335 255 192 457 257 339 408 494 494 324 76 
366 34 352 307 306 203 236 409 266 182 81 120 373 449 179 
175 145 104 82 185 36 313 406 396 486 253 114 333 259 206 
147 63 155 417 447 120 6 472 181 498 2 384 387 305 342 
367 494 247 485 43 236 290 134 15 103 293 156 453 435 52 
443 100 383 219 353 35 82 66 12 89 337 452 268 353 130 
216 418 37 453 498 194 271 314 223 411 120 13 398 32 397 
203 470 48 380 279 137 150 452 246 116 475 412 478 400 193 
245 306 289 227 382 377 359 309 120 116 284 15 195 190 28 
396 399 314 210 436 454 248 14 440 186 137 2 192 466 323 
345 117 468 400 430 409 115 478 238 258 206 484 119 36 313 

368 19 206 182 172 479 246 425 454 278 443 407 419 305 129 
269 245 269 172 334 316 321 332 290 164 314 273 80 82 212 
38 88 337 126 406 413 183 265 374 393 151 316 433 226 104 
472 359 39 71 118 48 104 165 95 189 210 201 284 144 188 
477 307 434 457 13 469 435 478 27 421 38 91 13 479 189 
183 192 295 109 58 33 218 13 188 451 357 153 494 370 367 
272 99 172 149 242 83 215 171 179 190 480 191 477 335 226 
138 187 84 260 189 98 495 46 89 378 209 130 228 205 309 
409 256 30 92 248 346 230 345 249 169 398 244 265 133 458 
307 232 182 290 499 15 126 129 290 207 384 430 376 134 333 
429 42 245 424 319 404 63 476 163 163 9 407 22 277 376 
235 99 358 131 492 377 37 319 362 44 173 352 83 288 227 
25 205 287 367 4 56 291 104 170 306 100 416 48 379 198 
33 127 413 211 335 353 299 325 286 74 291 269 367 90 376 
72 197 337 210 39 342 202 412 491 362 254 186 35 179 234 

356 495 197 16 182 45 70 74 392 354 395 198 142 63 384 
163 365 15 7 286 431 457 346 231 19 324 266 172 285 345 
94 178 291 298 105 299 380 219 288 246 440 249 374 431 364 
185 268 457 362 190 31 77 295 163 288 24 108 280 308 37 
258 388 377 338 192 472 482 181 173 466 185 333 471 225 95 
94 479 340 299 119 244 419 65 372 270 141 448 39 58 103 
62 39 241 499 60 82 373 448 198 163 178 71 139 438 87 
465 203 104 451 69 253 442 41 87 346 471 93 406 453 157 
133 364 126 6 25 242 483 119 426 61 442 15 363 215 137 
192 62 262 382 143 117 183 118 168 163 465 182 149 352 418 
33 262 295 217 358 52 234 344 93 426 408 217 203 283 492 
405 469 227 31 421 148 335 217 69 343 395 206 424 458 163 
465 65 470 169 496 47 479 445 209 213 157 18 284 31 207 
199 20 482 119 85 171 315 79 73 254 414 206 68 95 339 
66 25 188 160 386 404 221 407 71 112 179 207 161 350 330 

234 353 443 46 385 140 310 400 130 205 492 351 182 141 45 
134 226 27 9 181 281 494 239 227 287 440 31 159 140 399 
399 67 391 231 17 228 451 477 35 218 423 360 496 7 491 
440 249 109 305 137 90 438 257 51 68 428 134 441 70 36 
16 314 226 22 200 192 421 460 326 174 34 190 469 392 262 
484 412 378 379 478 135 72 457 128 321 37 290 112 435 104 
479 204 100 434 410 11 308 180 79 287 431 3 83 15 373 
89 137 43 448 277 195 118 284 456 426 135 57 333 77 466 
193 325 324 421 367 470 98 348 335 155 395 220 405 464 117 
450 338 152 343 8 289 247 462 304 378 5 220 78 254 382 
260 88 43 311 39 209 277 86 259 120 140 176 310 378 132 
203 236 407 183 176 321 11 294 343 169 175 186 389 156 287 
275 273 120 72 192 206 15 313 108 74 109 442 61 445 85 
154 224 247 443 380 465 48 212 209 102 311 338 75 422 317 
296 446 489 341 444 288 434 300 399 489 378 187 152 442 300 

266 225 4 167 368 78 146 435 349 460 311 425 447 291 150 
377 317 418 89 393 144 148 242 498 373 125 65 371 266 139 
113 434 219 69 46 313 397 460 146 416 80 290 52 180 394 
460 158 443 65 77 440 52 299 85 456 136 61 406 28 496 
403 160 6 165 112 261 37 8 31 171 137 327 284 132 333 
253 131 63 302 170 330 347 459 64 123 198 151 492 43 77 
274 270 81 399 389 165 429 389 446 46 146 37 365 195 139 
490 20 221 165 383 300 57 390 114 398 202 2 109 146 101 
304 372 140 28 159 168 129 57 147 73 204 43 358 105 311 
74 27 214 88 154 214 267 283 498 56 115 245 400 319 293 
337 238 497 320 126 340 449 76 497 260 237 202 352 153 305 
448 13 396 182 431 92 312 97 79 397 468 283 407 449 436 
13 285 382 437 263 309 125 309 184 408 313 103 492 141 215 
385 40 372 152 58 415 494 140 37 288 373 159 34 336 60 
439 446 301 329 87 4 331 234 30 389 26 388 312 314 406 

61 65 393 345 316 3 95 359 410 65 287 325 219 242 276 
61 191 437 297 315 346 137 174 155 345 31 235 316 10 458 
50 400 220 22 458 151 252 126 89 489 288 31 404 365 21 
39 222 129 299 426 388 317 475 161 371 462 149 181 5 376 
291 112 155 392 113 230 159 390 29 131 296 67 456 248 78 
307 177 115 20 482 59 102 322 57 471 337 83 423 323 77 
282 8 74 219 91 90 107 105 236 277 439 411 26 222 19 
367 64 231 341 396 409 252 480 176 478 353 401 483 181 62 
370 288 125 418 90 428 348 199 294 469 45 461 85 295 104 
127 125 121 184 81 229 187 249 74 134 212 160 213 184 459 
45 279 361 172 104 37 285 215 197 470 210 133 304 123 348 
13 372 131 133 118 426 457 465 172 101 95 128 478 179 18 
395 381 338 307 336 301 494 142 313 467 291 253 239 447 45 
212 429 267 93 455 125 276 54 264 366 265 87 466 497 90 
317 198 456 268 395 321 308 50 64 202 411 24 209 443 73 

139 442 408 449 456 318 357 48 304 155 456 454 51 153 331 
143 302 286 255 318 481 134 328 20 406 158 261 338 252 41 
263 409 84 100 144 443 230 250 10 60 422 246 109 112 95 
342 20 278 40 276 381 409 95 183 400 113 473 446 471 123 
487 125 369 268 303 357 92 240 132 350 11 263 11 323 203 
318 48 71 289 90 402 299 178 242 420 453 146 204 433 406 
98 445 276 138 187 466 140 400 64 248 454 22 288 106 197 
185 458 105 21 425 223 178 204 345 405 451 1 195 273 493 
345 159 431 185 112 97 16 274 378 423 272 361 438 154 209 
53 105 182 452 279 409 131 82 360 153 175 418 414 357 291 
444 172 218 184 459 16 126 136 287 328 478 405 73 438 250 
178 22 105 418 427 350 386 67 94 175 373 258 123 484 281 
434 447 39 305 295 224 44 19 342 482 132 498 334 236 414 
166 226 336 392 463 481 263 388 261 187 240 345 182 143 204 
270 251 140 376 461 454 291 229 72 153 326 114 280 103 65 

167 21 54 350 463 264 450 440 113 42 219 310 485 75 453 
499 437 58 160 346 387 341 408 133 274 181 336 356 199 459 
392 157 239 368 87 118 18 176 36 41 409 17 175 10 140 
128 426 132 380 157 187 150 209 146 280 198 94 104 387 211 
453 163 483 419 454 140 203 472 323 12 201 174 289 14 17 
120 258 118 140 139 335 106 248 222 262 77 170 229 169 86 
405 224 370 99 43 318 405 192 100 230 199 343 62 264 347 
219 496 165 163 368 177 73 49 51 1 230 39 361 5 495 
254 471 240 301 367 60 70 479 130 228 397 359 125 147 22 
495 245 425 176 208 62 53 114 1 76 439 329 267 73 206 
153 209 387 30 49 297 31 119 337 228 452 365 43 403 190 
307 408 126 80 496 74 445 496 479 185 41 265 25 276 124 
473 286 353 434 207 200 39 179 475 384 417 264 492 174 476 
215 255 341 255 496 330 146 400 361 5 351 302 323 482 268 
320 472 341 56 72 293 436 83 165 91 283 73 448 97 136 

54 12 320 401 113 165 80 451 264 347 370 481 179 481 291 
297 52 258 243 248 483 9 59 247 274 425 250 340 45 349 
181 177 441 61 91 401 212 198 173 102 90 379 155 370 182 
233 132 195 76 294 345 305 139 339 404 360 441 186 395 100 
71 291 149 334 83 32 494 438 60 454 302 169 23 163 270 
321 48 148 41 253 499 218 231 262 115 444 127 462 418 270 
388 299 336 358 54 284 185 397 76 97 393 344 370 165 471 
60 326 36 322 381 492 181 7 115 149 199 111 406 75 347 
436 6 495 63 286 264 352 462 104 424 187 459 93 176 121 
197 25 461 87 433 414 85 112 311 69 182 286 125 143 373 
416 104 476 460 202 90 62 452 236 427 54 355 445 456 448 
332 267 376 43 440 294 198 344 154 134 475 181 88 183 163 
63 118 134 273 433 118 487 4 94 270 461 179 349 34 83 
269 120 249 8 419 393 104 445 355 335 371 471 398 104 424 
162 251 232 415 144 372 152 223 374 491 230 349 436 148 345 

158 279 2 393 81 444 38 147 153 178 422 86 229 168 42 
146 487 439 197 263 431 165 111 25 225 485 142 98 287 225 
429 433 52 327 217 149 232 172 104 63 262 14 473 444 319 
28 86 262 387 80 422 64 443 328 9 1 307 292 287 190 
451 206 45 389 159 178 372 252 394 67 337 1 270 437 87 
40 228 402 225 227 350 293 201 207 237 357 405 286 436 434 
321 184 400 124 222 28 129 432 348 166 467 360 459 68 74 
74 186 1 192 211 94 360 206 362 313 177 421 181 67 27 
197 130 325 247 1 224 42 220 166 129 106 386 360 9 308 
174 253 313 491 321 466 90 129 88 98 457 453 448 398 260 
71 228 462 23 476 158 91 93 434 9 290 166 37 386 289 
333 487 49 113 39 191 125 393 35 197 153 235 488 44 110 
310 119 44 480 489 204 278 111 391 120 196 177 430 211 360 
460 39 48 182 161 388 15 417 269 242 80 429 424 153 204 
232 411 53 169 43 184 319 325 399 480 194 192 5 300 118 

391 162 175 148 339 25 439 119 439 414 136 494 58 38 382 
274 16 95 271 457 214 284 277 139 389 193 285 59 478 491 
489 80 444 354 235 373 213 77 33 354 104 206 237 90 168 
164 253 394 190 307 316 249 69 466 399 118 173 156 290 433 
122 299 326 473 160 99 73 441 243 497 236 487 227 326 325 
443 68 397 314 209 30 248 309 297 221 223 465 426 425 317 
256 316 258 265 317 391 423 40 273 212 233 50 398 70 176 
328 207 256 221 356 248 240 280 13 242 77 279 40 287 277 
2 71 484 227 180 163 48 486 445 55 30 203 246 175 429 
234 135 173 256 414 427 25 350 178 279 240 283 182 77 372 
246 395 144 17 21 65 158 437 272 62 224 191 45 257 30 
418 146 373 143 180 110 289 235 497 5 94 462 162 336 256 
222 60 332 125 344 392 371 469 19 471 198 428 207 170 60 
200 96 121 16 105 276 290 152 244 486 457 265 465 15 193 
444 94 383 22 445 272 79 272 199 26 397 103 193 120 429 

302 41 326 402 77 102 47 398 262 388 447 34 375 122 144 
156 118 472 421 291 282 244 413 210 147 459 381 90 327 302 
101 68 428 495 24 281 197 434 274 449 31 372 98 214 393 
186 454 456 161 402 94 265 27 175 420 370 251 323 357 264 
386 43 21 478 351 141 89 92 299 309 314 414 387 117 264 
466 312 5 224 491 38 105 218 232 44 237 117 358 281 385 
482 427 345 120 180 70 171 232 153 457 158 195 306 187 427 
380 133 71 141 319 222 275 481 355 137 162 417 154 328 48 
209 88 107 285 62 274 406 364 341 54 443 292 140 462 401 
499 329 298 393 480 461 113 325 127 322 377 111 444 440 3 
50 293 134 369 407 40 457 305 66 450 485 424 463 145 263 
59 103 468 462 320 372 261 382 163 125 393 60 408 448 21 
176 274 28 120 325 120 442 123 292 229 268 412 388 245 62 
157 482 322 274 216 94 450 375 217 202 8 263 14 465 394 
384 339 395 341 259 291 102 324 97 370 440 455 63 423 98 

248 349 274 449 350 198 330 440 261 125 75 70 371 110 497 
296 197 358 107 285 4 258 54 262 145 469 461 66 90 393 
412 197 279 365 264 258 109 302 271 72 495 361 418 160 307 
290 86 332 390 261 187 210 427 279 361 365 419 284 385 427 
398 35 211 382 313 389 259 183 422 146 264 107 128 63 341 
87 385 32 390 74 49 190 132 273 251 28 209 53 371 447 
316 155 457 478 107 286 387 256 378 463 427 61 187 33 210 
60 269 286 106 177 129 279 407 329 325 332 441 13 254 99 
384 234 406 411 323 254 9 57 266 187 194 467 233 194 140 
179 60 383 396 262 229 141 404 155 33 338 407 92 154 458 
224 286 96 438 259 178 288 58 262 278 304 81 172 416 99 
308 341 328 201 265 275 47 330 499 162 333 81 345 117 303 
358 247 486 164 463 258 80 451 311 246 369 286 363 209 138 
392 339 433 314 307 386 195 123 492 323 361 404 237 321 363 
28 201 254 191 236 235 2 74 133 234 66 207 158 414 130 

323 473 341 21 92 157 160 399 328 414 462 47 2 131 134 
283 26 259 38 349 446 65 466 484 96 366 454 40 348 201 
157 44 334 243 260 25 228 406 152 68 77 383 285 252 148 
455 2 340 273 102 55 249 377 409 77 447 368 454 435 484 
317 304 286 179 180 79 364 386 236 303 80 444 222 323 147 
451 423 65 149 39 399 379 493 322 101 330 11 407 193 323 
76 286 259 127 260 407 420 336 133 256 250 269 367 246 175 
181 499 21 153 3 449 126 243 164 404 387 490 344 305 392 
122 398 411 46 186 52 471 449 339 390 38 453 346 302 121 
453 487 203 305 279 103 316 289 97 399 253 251 464 3 461 
348 108 225 242 478 453 334 449 358 397 295 277 266 303 228 
473 131 233 470 87 260 29 205 376 196 139 231 49 218 188 
234 499 499 10 449 5 58 393 277 75 165 261 240 76 461 
149 174 314 24 164 401 202 332 217 71 260 362 51 35 342 
355 251 330 382 182 166 423 496 207 106 290 395 318 240 207 