5 5
19 38 81 83 32
6 22 64 90 52
8 83 15 1 35
71 87 40 21 33
86 15 55 55 42

496 137 54 323 180 
190 184 333 181 387 
269 457 134 32 227 
443 490 345 163 201 
225 48 61 49 219 

438 173 276 308 345 
250 85 6 413 415 
136 376 42 404 59 
183 144 421 438 96 
498 326 410 350 258 

265 255 230 155 311 
78 270 326 472 492 
32 332 296 143 351 
140 229 235 28 492 
164 446 278 92 317 

135 118 267 230 291 
383 153 225 99 372 
310 206 143 294 417 
149 359 347 238 371 
311 373 326 314 375 

188 110 483 154 176 
318 252 489 237 64 
263 19 110 120 154 
344 188 321 465 471 
317 498 134 168 411 