10 10
23 52 28 76 75 32 63 26 66 10
69 1 24 96 5 14 5 28 13 26
66 40 42 33 81 40 84 93 76 85
87 48 46 53 79 73 31 69 95 48
57 17 98 55 23 94 15 86 89 87
33 44 49 73 41 85 81 78 71 44
91 96 78 94 17 69 70 10 73 20
34 64 95 35 88 96 15 56 10 10
54 33 19 94 19 17 86 98 51 77
32 72 74 24 81 27 15 73 4 47

435 4 123 145 89 177 128 184 399 47 
104 77 354 32 58 20 389 354 263 74 
386 371 175 371 75 31 220 455 491 285 
496 91 466 470 115 323 94 356 469 417 
238 420 218 248 58 225 67 123 379 360 
35 373 452 168 186 478 238 434 146 240 
297 453 113 296 315 172 66 266 373 62 
61 463 412 129 487 139 427 490 96 104 
37 209 155 58 143 205 457 85 235 150 
128 275 414 237 131 267 238 365 165 38 

213 73 443 334 347 282 158 441 123 384 
224 170 499 90 307 18 280 452 142 263 
14 54 421 134 7 94 162 256 350 69 
193 70 490 131 229 482 127 242 16 173 
200 212 370 494 96 7 173 359 345 23 
365 432 364 392 350 206 281 415 309 284 
272 447 190 32 317 27 399 81 303 470 
417 224 414 358 328 418 443 385 353 495 
166 363 160 144 24 78 12 251 143 176 
276 44 495 496 316 408 24 445 239 325 

179 119 204 278 154 497 349 470 194 349 
242 120 140 231 119 306 70 298 372 179 
245 397 312 293 117 198 311 216 316 468 
226 115 263 271 450 363 422 366 296 67 
227 59 184 449 113 84 408 82 235 330 
452 98 334 430 85 99 287 65 247 403 
126 302 308 420 204 251 240 284 195 378 
494 130 7 166 478 482 316 248 143 242 
261 255 219 178 417 225 440 451 124 65 
280 357 348 60 262 2 185 161 498 350 

497 1 25 418 304 156 413 328 416 302 
85 384 374 178 253 424 53 211 252 175 
322 22 119 449 361 435 358 43 92 69 
98 480 220 416 411 341 476 12 240 244 
37 231 104 283 100 105 242 345 390 340 
119 324 401 451 291 157 187 210 250 36 
202 183 301 181 157 259 309 245 333 301 
366 143 326 381 263 324 207 85 45 187 
474 9 124 71 303 357 448 153 323 312 
354 12 419 438 135 224 213 493 34 349 

35 400 369 305 324 495 21 316 145 334 
335 121 2 404 125 345 227 469 436 126 
16 4 129 484 82 124 131 24 259 489 
401 121 150 144 170 81 496 3 429 378 
487 312 456 354 285 205 368 312 116 31 
430 340 467 481 79 446 436 95 456 38 
299 180 168 386 378 442 348 32 86 188 
479 85 336 218 136 104 287 223 191 314 
88 236 47 248 146 185 409 423 282 41 
300 338 149 428 67 306 252 429 193 53 

317 389 297 206 449 367 321 82 123 52 
304 470 335 342 157 303 367 451 448 214 
88 96 182 270 12 226 109 496 53 403 
408 414 70 204 476 340 75 449 361 115 
454 397 249 366 286 340 262 408 134 253 
178 3 225 294 388 122 460 455 315 264 
297 127 229 34 8 19 7 320 464 285 
44 260 413 217 311 249 276 305 156 382 
472 222 287 187 471 203 201 185 336 2 
113 54 418 353 245 430 159 244 216 483 

255 394 131 208 341 376 187 137 234 66 
299 198 359 313 93 303 280 14 187 306 
315 99 229 489 376 443 377 204 343 5 
370 267 360 392 93 78 81 72 41 382 
486 301 408 431 319 301 212 40 336 347 
354 392 76 363 127 136 441 409 491 41 
409 372 46 410 41 180 12 457 309 485 
8 284 326 343 288 499 493 252 289 491 
478 385 103 71 107 87 177 300 311 497 
276 181 187 232 408 152 62 450 251 432 

240 188 437 76 293 286 431 71 19 384 
353 309 439 352 125 367 380 357 294 40 
238 4 322 442 348 14 328 215 451 362 
456 152 303 430 248 454 179 25 73 490 
360 378 2 85 420 439 311 352 24 397 
336 201 193 38 471 422 389 334 362 67 
275 59 317 8 174 384 325 330 307 238 
43 268 155 188 379 266 39 3 376 141 
368 279 121 325 262 118 130 176 473 199 
381 126 485 476 118 48 182 181 152 373 

397 399 340 408 188 287 452 215 392 433 
261 482 222 48 236 466 434 170 139 61 
378 175 95 277 312 202 247 276 355 227 
11 92 400 454 291 464 283 207 246 367 
22 27 50 449 405 109 443 313 111 391 
204 185 35 154 398 296 429 191 265 349 
495 165 371 56 42 145 124 267 139 480 
450 227 71 377 457 147 250 229 36 166 
199 470 295 4 230 91 189 343 16 190 
423 113 354 378 420 194 192 36 289 425 

428 271 6 355 330 77 156 147 133 456 
57 389 161 309 180 13 24 494 256 453 
193 449 424 76 74 103 277 274 462 74 
26 310 165 84 335 407 219 382 170 27 
308 314 441 148 15 427 107 16 467 358 
227 131 461 133 137 111 185 386 309 250 
80 93 353 239 420 310 467 156 232 7 
352 456 112 139 486 319 219 298 58 291 
198 33 240 249 38 92 381 59 48 215 
389 41 180 447 18 40 103 47 232 14 