15 15
8 6 61 32 45 83 9 24 26 43 99 4 11 97 33
42 57 74 53 22 55 1 38 92 54 61 25 14 70 62
29 11 5 85 79 17 84 74 30 95 45 30 9 65 38
52 16 37 95 79 11 61 89 95 78 55 56 12 95 12
42 2 28 14 84 21 13 10 74 76 8 82 35 7 1
63 4 93 93 46 82 52 22 46 6 22 30 43 9 72
13 16 84 37 39 85 99 94 66 61 94 2 18 69 62
57 1 78 51 55 85 81 90 32 64 56 39 59 72 64
81 86 59 11 83 23 73 99 39 22 43 18 94 40 33
85 75 10 70 92 25 72 75 66 2 43 4 97 63 72
46 51 50 5 97 78 60 74 89 12 62 12 59 33 79
60 75 31 57 20 5 22 7 61 20 20 24 60 44 34
11 3 62 50 38 47 35 96 34 39 90 80 91 95 38
14 90 27 84 35 75 99 93 98 21 58 53 83 37 29
88 13 77 41 51 36 88 14 10 96 67 33 52 30 46

852 622 527 550 688 585 931 656 921 859 917 554 526 587 681 
898 914 560 769 950 609 872 723 551 570 808 756 709 925 740 
956 697 739 621 984 562 509 756 616 530 730 950 960 663 943 
708 960 768 864 596 784 701 584 532 527 522 805 817 666 956 
937 949 823 762 615 583 780 696 948 927 987 743 716 663 639 
913 959 823 608 812 990 792 783 501 930 540 568 831 505 969 
611 822 993 737 751 821 780 939 953 523 638 981 612 523 996 
592 970 813 804 992 538 985 947 713 875 765 793 663 835 580 
867 678 589 554 753 668 803 872 794 557 918 671 991 855 906 
712 613 674 544 548 993 694 971 794 598 539 588 957 964 787 
956 513 834 600 623 985 986 946 558 609 957 773 895 778 688 
931 611 523 558 948 594 638 767 609 775 647 648 787 916 794 
807 893 771 721 642 790 783 997 686 564 663 557 571 997 889 
850 555 957 815 602 998 535 600 817 898 828 661 908 747 782 
531 831 928 628 753 525 573 966 799 735 845 915 740 808 967 

902 834 761 926 894 516 714 891 774 881 883 519 918 944 946 
868 997 822 932 679 850 562 862 779 610 866 622 755 809 650 
758 911 575 681 728 572 558 600 779 707 744 720 661 587 745 
947 979 644 697 912 583 789 624 792 821 564 975 788 587 559 
986 926 923 508 906 932 958 627 809 880 548 944 926 907 593 
942 872 956 818 998 845 793 773 983 822 932 928 664 645 739 
698 936 990 942 668 845 957 857 591 617 707 671 540 805 724 
803 975 548 741 545 978 520 842 539 943 702 905 671 805 906 
596 843 874 807 811 683 964 557 818 842 524 890 843 714 504 
956 522 782 537 626 980 816 521 837 552 504 836 619 679 870 
840 640 580 924 898 860 596 871 692 791 958 698 820 827 747 
601 622 903 892 921 991 989 647 840 727 795 689 746 951 510 
556 502 591 938 646 689 893 567 777 867 917 987 859 945 586 
540 525 568 981 763 971 796 968 577 843 504 862 561 846 690 
667 841 943 938 611 925 626 923 803 554 832 575 564 930 927 

630 554 507 805 860 946 605 603 725 829 530 860 534 830 821 
717 721 962 926 662 590 789 926 938 544 874 769 674 872 944 
554 527 976 878 918 957 511 562 853 823 862 778 600 986 606 
740 920 669 838 834 997 993 792 983 876 684 744 983 946 520 
750 803 591 576 693 646 512 852 602 640 787 708 545 714 812 
809 807 591 903 738 896 865 887 803 966 980 969 611 599 823 
800 793 857 846 854 900 621 690 987 710 538 561 713 794 515 
744 988 895 944 642 854 989 732 571 597 835 848 693 984 763 
822 607 562 963 950 676 717 964 727 779 945 819 651 531 995 
845 652 740 676 766 537 859 964 672 845 819 647 892 970 826 
799 900 847 802 520 586 682 682 533 799 535 808 742 815 939 
672 552 915 793 834 754 756 578 813 574 741 624 580 673 966 
839 563 887 844 795 978 628 851 698 988 573 577 882 824 845 
573 769 884 877 897 967 933 586 595 865 563 715 523 948 721 
848 803 794 733 955 558 560 691 594 905 767 546 810 555 503 

540 519 819 783 939 630 770 781 777 670 743 577 988 622 793 
734 663 847 666 548 947 625 705 831 535 693 536 655 965 952 
976 903 742 935 798 570 504 621 920 934 976 976 838 608 990 
536 541 676 666 555 948 763 945 734 858 625 826 831 911 796 
900 884 848 755 943 774 775 929 958 652 736 897 902 515 792 
932 587 886 861 785 614 656 996 840 688 763 544 649 659 508 
599 795 663 612 558 882 785 976 534 507 823 707 732 975 573 
852 704 850 564 676 901 807 885 886 943 902 891 821 979 683 
526 787 714 854 881 940 976 946 634 669 875 850 507 814 677 
639 867 620 670 995 586 861 533 546 847 936 728 784 935 930 
522 827 781 597 839 900 810 731 606 663 990 842 613 880 607 
792 588 874 517 630 948 711 868 701 594 871 761 507 531 947 
746 581 764 535 662 609 922 730 886 536 890 826 590 956 605 
747 584 932 769 607 676 948 753 978 910 959 867 650 941 680 
682 982 820 889 505 933 944 624 648 538 601 777 945 736 686 

834 551 913 665 611 967 602 851 639 996 781 899 774 705 567 
622 933 869 847 605 880 917 986 650 636 912 826 552 639 868 
584 990 862 995 873 574 817 841 593 992 815 586 771 852 570 
955 776 701 930 955 701 850 961 576 997 542 536 813 635 620 
690 751 599 984 765 907 977 867 745 545 656 546 521 632 512 
730 863 772 804 548 803 549 632 843 613 829 784 545 590 714 
817 901 768 941 591 735 886 601 852 661 882 790 747 987 695 
824 569 841 902 702 574 632 670 617 943 991 667 573 924 672 
850 909 952 985 845 681 779 924 744 611 694 894 884 604 513 
690 675 659 567 827 860 673 794 630 642 948 520 581 920 736 
635 821 861 986 962 904 993 862 718 754 693 590 844 905 564 
805 529 884 585 888 853 676 877 801 906 667 654 640 909 917 
900 848 641 916 917 748 896 993 645 668 964 590 965 503 868 
871 804 815 793 874 609 507 599 771 921 619 888 618 796 643 
812 720 581 827 557 899 948 507 647 613 878 953 897 848 878 

954 980 763 829 910 572 923 679 656 635 715 699 868 683 743 
520 575 641 823 820 571 566 963 956 989 637 710 807 970 919 
717 575 881 716 638 976 874 707 653 530 649 738 616 996 515 
821 516 757 708 908 996 871 554 764 915 552 995 565 925 615 
596 796 797 720 665 825 985 786 643 926 839 653 802 596 997 
504 745 756 718 568 978 957 747 753 989 654 930 833 778 749 
659 665 563 920 865 866 883 790 800 616 751 693 552 698 810 
608 702 641 927 550 777 726 795 981 673 785 684 608 997 526 
518 655 811 792 938 597 923 566 687 974 758 667 628 512 849 
980 841 997 642 895 823 834 865 802 506 703 705 714 597 592 
981 891 538 824 731 654 765 827 964 640 762 913 511 990 699 
799 950 931 850 719 782 722 911 847 575 714 950 503 721 583 
746 603 785 832 639 888 917 958 674 585 548 878 508 566 878 
544 575 929 562 695 565 963 948 798 826 978 769 925 578 944 
723 848 926 610 825 642 815 606 719 880 623 862 839 557 604 

991 668 834 654 585 629 959 896 869 652 790 562 610 586 729 
912 580 980 566 876 872 790 598 696 854 547 986 997 626 553 
884 856 754 626 632 953 869 812 595 800 667 600 740 834 521 
717 663 665 903 876 937 640 885 841 599 695 539 928 521 628 
958 575 677 894 988 943 853 621 950 575 715 619 748 958 510 
942 816 667 765 537 975 952 939 914 946 649 543 979 733 907 
670 986 818 966 844 909 782 840 901 511 566 634 569 876 613 
609 656 720 675 825 718 844 906 909 532 884 861 583 733 582 
622 525 831 816 818 608 579 674 953 912 585 995 563 838 531 
944 958 991 819 928 944 807 902 841 682 798 866 934 741 642 
530 516 806 936 788 634 798 928 503 967 533 659 847 837 520 
558 958 548 898 718 687 919 657 678 570 647 631 695 724 813 
595 638 983 841 964 583 728 931 710 918 601 693 882 541 886 
968 964 927 939 925 510 938 818 923 968 969 727 719 522 878 
511 993 986 846 521 676 900 812 558 509 974 912 732 831 671 

952 648 786 794 773 888 946 690 598 806 575 647 767 824 943 
972 967 678 815 641 822 602 993 603 921 756 956 869 945 754 
891 641 546 547 587 606 787 963 648 987 798 773 850 554 727 
921 712 801 810 916 792 701 928 668 555 659 918 947 571 671 
885 911 571 601 537 593 642 698 857 879 876 968 873 902 781 
581 730 837 909 614 618 512 860 815 891 670 582 554 910 580 
941 591 888 702 937 869 952 655 815 660 727 554 655 584 947 
545 831 785 851 828 568 863 613 789 998 854 719 608 760 524 
650 799 956 916 804 503 876 861 863 683 973 829 505 508 691 
511 945 778 714 927 755 858 528 966 944 851 602 606 946 796 
582 894 508 519 522 562 996 959 580 744 814 548 838 685 717 
691 878 793 602 544 852 875 725 626 690 965 632 561 945 969 
653 914 671 903 573 777 568 929 632 749 625 546 610 700 818 
868 603 507 524 602 966 816 520 501 542 827 949 972 676 580 
577 885 561 702 557 934 536 949 986 922 718 689 946 589 853 

816 582 759 963 752 505 777 819 518 905 589 696 829 954 889 
674 814 551 574 555 555 645 944 632 508 944 602 551 810 530 
940 539 907 789 631 993 823 737 712 968 605 584 753 543 603 
904 873 570 751 855 675 643 692 535 720 843 922 740 632 817 
524 677 816 887 537 899 925 928 542 755 766 727 782 935 614 
814 637 853 509 647 678 926 996 971 723 566 963 656 587 798 
683 958 657 562 829 721 704 781 992 574 956 740 862 888 752 
540 734 554 663 770 731 994 855 698 694 806 535 550 942 969 
794 950 993 825 688 511 546 709 649 692 982 800 895 866 850 
699 642 680 829 808 735 690 764 966 617 774 816 994 826 610 
927 569 812 885 784 962 986 682 652 552 815 801 576 984 930 
640 601 936 978 679 991 618 771 568 826 632 738 684 527 789 
632 789 648 994 908 577 962 502 855 889 975 848 770 968 810 
568 865 857 894 535 739 846 979 668 618 732 540 847 877 683 
586 958 771 554 934 703 528 608 536 606 563 679 929 531 894 

754 885 644 759 837 882 655 992 657 842 715 775 791 591 597 
928 703 993 839 562 897 588 832 519 694 631 753 785 956 709 
949 870 571 577 586 993 814 817 574 517 766 864 722 709 994 
635 855 822 798 628 984 504 578 972 989 811 779 911 571 839 
598 656 800 520 770 777 704 763 841 539 517 913 591 679 715 
881 545 972 965 667 804 547 978 544 702 731 619 657 605 839 
576 536 616 829 678 962 521 921 643 879 666 698 870 572 654 
624 711 502 820 882 790 506 612 811 839 730 517 964 802 665 
548 832 883 576 501 663 650 929 590 914 997 685 865 712 705 
851 599 716 969 564 784 792 856 715 982 639 776 726 501 910 
513 651 862 576 782 837 617 572 692 832 696 965 529 946 646 
988 621 844 911 631 510 610 777 801 581 860 544 646 835 965 
588 783 870 942 919 681 673 847 792 897 672 646 554 798 933 
683 760 897 733 621 535 856 747 616 866 516 918 952 754 898 
818 776 893 520 541 986 679 889 894 603 552 670 587 709 583 

603 673 793 863 634 797 866 626 690 959 761 643 623 551 893 
986 805 564 871 759 679 649 537 531 967 536 849 948 654 652 
783 549 622 548 665 799 788 584 814 716 899 641 943 881 679 
733 624 539 933 535 872 788 844 687 577 583 769 582 700 713 
888 911 771 600 557 705 893 621 689 643 731 696 678 530 705 
594 799 692 610 665 718 551 848 699 570 686 889 632 720 736 
745 790 697 553 538 844 845 516 892 618 767 714 973 704 802 
555 526 537 568 880 908 742 755 838 951 960 970 759 637 873 
772 575 721 881 989 994 643 681 722 509 512 906 567 564 762 
531 755 858 532 540 600 816 947 903 799 646 757 583 840 972 
710 715 559 567 672 817 512 754 962 972 812 841 964 860 635 
673 620 704 511 776 998 838 915 952 887 555 707 668 783 809 
581 609 776 558 636 833 723 716 594 815 762 813 514 602 769 
764 629 537 815 940 814 778 813 622 905 654 931 635 885 893 
977 939 630 559 646 728 868 908 731 791 629 717 834 558 782 

821 624 603 563 885 905 981 880 962 733 610 677 970 841 821 
780 536 917 528 937 649 722 598 693 798 629 797 809 808 876 
869 710 706 586 762 669 544 799 627 643 754 662 617 811 570 
953 530 871 930 799 502 765 737 672 595 864 855 872 814 666 
820 767 904 955 638 714 760 893 867 623 585 573 923 584 947 
642 827 613 794 703 713 847 978 601 519 615 876 615 814 800 
958 979 695 583 576 964 971 534 944 740 995 919 762 992 752 
593 689 739 725 604 995 595 936 690 977 755 781 836 586 718 
691 598 921 960 980 781 986 626 730 883 665 790 755 968 550 
516 633 558 707 815 860 576 850 899 825 824 690 640 899 649 
526 883 887 588 850 791 752 987 562 896 631 671 991 635 847 
592 957 588 786 853 774 642 592 554 841 624 752 879 736 811 
962 901 856 698 844 895 668 915 775 518 730 806 984 752 678 
882 984 951 780 875 791 835 928 689 931 903 791 741 768 965 
589 858 594 580 832 979 962 827 572 569 650 711 638 506 514 

792 952 770 536 878 783 718 828 555 584 993 804 870 788 804 
556 543 604 686 544 954 791 886 597 905 672 553 550 719 627 
582 751 580 965 815 937 972 828 635 561 509 909 782 901 848 
548 729 962 753 715 832 717 653 569 918 803 618 652 698 648 
516 758 814 708 842 929 581 899 860 868 731 868 885 724 685 
991 603 986 680 824 912 802 830 604 960 748 740 983 586 733 
845 802 944 666 980 875 733 565 581 553 528 567 929 552 584 
609 629 578 641 797 977 838 947 882 506 714 616 886 716 671 
919 624 883 746 735 535 537 984 898 627 831 595 576 905 774 
888 755 533 721 504 569 988 886 990 695 926 551 620 585 848 
713 746 667 902 565 909 832 923 508 524 890 721 742 516 722 
948 683 925 716 528 665 837 819 615 711 746 795 779 751 771 
649 771 723 700 738 594 737 551 970 544 748 876 868 539 673 
721 743 735 807 703 651 957 617 698 508 824 759 952 849 620 
708 709 641 789 868 938 916 885 756 992 643 774 591 816 732 

664 964 528 666 535 879 716 994 623 958 691 954 929 597 797 
883 551 852 542 839 643 549 882 576 674 503 979 692 830 521 
765 918 558 987 556 575 866 504 545 547 700 660 776 514 800 
608 784 734 688 507 567 617 994 878 559 626 834 726 998 667 
571 682 532 522 810 831 571 759 910 768 899 911 810 736 745 
592 904 582 552 778 812 943 506 983 897 872 859 878 639 517 
721 758 942 905 924 716 907 724 752 589 637 721 763 869 889 
894 993 611 512 625 546 641 737 642 682 534 667 524 584 616 
810 934 900 783 536 910 684 826 591 601 696 935 644 517 705 
769 563 526 957 956 942 877 537 918 563 986 887 508 631 513 
765 902 807 813 808 872 552 808 738 836 602 529 605 643 518 
813 596 631 863 928 940 593 967 655 866 692 743 521 533 711 
830 930 714 657 634 907 772 759 551 614 924 550 549 534 536 
920 786 674 669 699 530 735 512 819 918 901 866 691 813 501 
784 526 904 577 888 771 962 671 914 877 520 993 837 747 805 

846 879 525 843 686 969 686 986 769 940 862 771 532 992 615 
635 610 595 993 664 797 724 839 962 581 916 686 641 840 899 
876 623 605 695 931 852 891 530 830 720 584 633 742 895 591 
892 651 653 571 619 760 995 858 979 819 720 693 642 805 593 
800 605 855 761 973 879 937 773 638 583 824 946 891 599 859 
850 780 848 513 684 941 559 570 601 633 533 836 674 908 629 
875 989 727 642 563 548 814 557 826 579 557 837 981 952 806 
543 673 971 946 705 998 565 610 594 850 888 867 527 717 635 
897 716 933 635 855 894 799 611 872 804 615 983 952 760 803 
658 518 770 605 571 541 737 580 923 881 840 728 892 604 866 
839 684 883 866 519 874 784 861 886 720 652 825 845 618 749 
508 852 586 698 963 936 539 837 912 795 746 546 725 843 589 
689 937 902 945 866 593 703 504 770 993 508 758 852 814 908 
802 621 579 578 849 606 697 648 806 734 644 929 830 652 890 
856 579 755 768 589 936 699 798 924 819 676 633 900 536 966 