5 5
90 36 87 17 59
14 56 93 99 32
59 97 45 44 40
67 49 50 81 30
91 74 25 76 53

511 505 875 610 599 
935 809 919 612 825 
761 543 618 772 923 
952 517 750 773 934 
657 923 753 779 632 

826 548 552 941 649 
710 540 637 873 744 
616 898 725 784 922 
899 608 600 562 650 
657 617 946 962 616 

789 873 507 698 963 
901 813 952 513 726 
523 765 674 520 871 
594 687 575 738 522 
503 751 753 985 960 

967 789 551 786 717 
943 820 972 746 689 
894 995 912 546 896 
728 890 898 663 889 
835 623 973 778 804 

558 516 511 633 800 
600 972 625 798 563 
505 661 660 614 856 
575 922 936 909 515 
972 902 696 671 983 