7 7
32 67 32 43 71 72 31
13 72 35 66 41 47 60
46 94 23 44 15 73 6
90 50 92 95 69 42 20
51 37 86 75 13 93 68
89 47 65 62 63 82 27
93 31 86 64 62 17 92

587 996 648 988 856 804 611 
692 536 532 665 566 529 907 
745 604 986 673 707 836 537 
531 652 572 606 521 564 925 
683 719 927 930 540 865 674 
734 976 700 830 830 612 926 
501 610 514 623 953 905 924 

956 526 863 826 794 572 878 
661 601 875 509 770 797 951 
973 827 605 756 899 629 773 
778 608 644 872 589 867 841 
839 919 826 584 756 513 716 
789 797 757 698 922 938 883 
759 685 856 595 624 763 827 

865 764 912 565 718 899 573 
959 958 832 693 520 746 851 
936 593 676 638 541 643 538 
590 823 524 724 914 916 800 
538 995 966 825 716 856 833 
962 849 846 877 527 918 870 
554 607 635 890 707 677 607 

722 715 949 894 524 557 688 
650 537 823 576 791 727 734 
707 850 981 665 991 723 664 
592 584 941 946 504 917 976 
617 639 726 837 728 832 579 
821 738 929 989 606 653 544 
761 936 637 733 569 767 878 

920 552 992 872 864 656 708 
928 617 793 901 944 571 586 
522 660 926 784 697 565 962 
889 518 646 742 909 507 508 
741 807 771 746 841 850 808 
950 621 834 624 780 854 513 
794 680 963 833 860 506 927 

680 701 883 987 680 994 698 
547 682 792 908 501 634 879 
955 619 683 731 519 930 705 
521 788 674 700 830 832 772 
543 758 729 919 751 550 846 
509 814 521 503 760 911 790 
845 589 577 950 905 551 701 

608 859 840 991 943 807 547 
503 941 823 617 763 649 788 
910 993 721 783 582 933 562 
562 619 839 747 732 968 751 
693 957 720 550 693 967 780 
624 729 950 928 557 564 970 
690 942 608 900 970 700 990 