10 10
27 28 37 82 9 78 10 34 59 92
56 50 21 22 16 45 54 69 97 9
98 8 16 24 1 52 53 49 26 91
38 31 99 59 35 11 9 31 67 91
22 9 94 20 37 43 90 87 17 77
25 73 59 26 69 75 18 15 13 84
17 67 5 89 75 33 41 52 64 52
65 20 41 82 26 67 84 37 31 31
95 31 46 23 94 8 67 21 19 1
80 51 72 13 62 90 30 44 35 10

822 901 540 604 715 548 678 843 727 604 
818 810 710 706 856 681 781 729 882 680 
933 752 644 860 670 759 533 609 868 641 
750 779 696 728 510 848 645 529 780 831 
964 868 659 957 928 978 836 635 616 784 
927 920 900 639 672 904 925 727 554 515 
608 711 786 917 783 545 555 657 794 893 
830 560 925 638 764 584 501 619 792 909 
966 787 835 704 557 636 587 566 517 992 
702 807 583 711 632 860 645 898 790 966 

508 962 552 575 921 643 832 756 510 980 
870 741 808 594 557 515 790 510 520 590 
662 584 648 821 828 541 804 562 594 850 
822 655 998 636 722 576 536 629 854 975 
732 855 853 656 723 844 865 750 808 548 
672 800 701 912 722 792 800 524 702 693 
708 605 660 539 913 539 807 864 790 849 
986 896 758 736 565 562 864 804 885 634 
829 906 834 957 816 509 634 540 632 700 
549 608 568 632 525 849 951 857 631 705 

899 991 633 682 597 508 768 561 852 855 
768 829 790 708 988 831 814 502 972 776 
533 864 840 695 804 562 766 687 622 774 
915 840 885 917 947 882 543 616 631 989 
652 902 990 654 652 826 966 735 937 659 
784 568 639 956 528 918 626 943 728 980 
556 669 968 715 860 795 675 831 673 775 
635 611 802 661 710 935 560 510 713 972 
624 610 833 865 934 542 767 815 872 919 
963 864 893 645 701 761 718 770 765 884 

989 884 602 623 825 606 855 591 714 699 
588 925 832 948 844 793 808 681 743 663 
906 567 964 646 749 635 835 690 932 962 
895 984 820 625 772 890 857 566 645 986 
832 779 603 564 759 908 744 554 698 817 
907 939 519 617 786 539 817 698 891 619 
519 838 533 566 886 965 506 951 871 854 
637 712 844 652 638 885 844 612 588 606 
531 529 837 709 575 844 527 547 895 874 
954 942 814 520 888 906 851 761 661 598 

945 863 902 955 928 814 967 905 540 641 
694 802 672 723 635 513 728 642 607 619 
555 831 557 835 807 985 697 574 661 567 
698 503 572 949 787 700 973 818 844 914 
616 844 508 906 756 956 923 824 628 567 
509 553 921 624 509 742 987 629 996 687 
787 574 697 880 897 851 725 750 781 827 
601 789 536 802 876 936 550 505 904 970 
831 943 902 687 812 812 845 712 701 530 
721 578 984 622 962 621 673 652 512 605 

734 640 942 901 804 664 615 905 584 627 
725 805 604 524 608 718 521 738 622 854 
588 982 571 655 665 945 705 709 837 996 
817 546 995 748 528 579 916 958 965 598 
551 648 630 777 744 968 886 856 606 828 
800 806 541 602 891 604 900 731 714 692 
619 862 819 606 709 611 813 931 601 827 
741 747 758 735 604 638 785 592 953 957 
764 534 666 531 893 800 838 583 586 727 
543 716 665 632 978 978 854 920 917 841 

936 891 962 751 660 804 504 776 631 693 
753 863 598 649 820 731 681 550 561 702 
859 975 897 538 554 606 607 516 622 695 
539 963 726 879 831 948 510 855 996 913 
816 775 700 990 890 951 746 871 763 759 
746 714 503 798 512 613 618 929 585 944 
970 531 951 591 873 602 929 622 677 669 
699 907 966 806 788 529 766 788 523 541 
939 733 541 950 781 910 870 698 701 822 
507 549 771 979 751 651 580 719 885 513 

836 614 856 773 572 775 936 767 809 966 
917 990 960 791 831 512 778 526 767 604 
652 520 688 579 916 818 521 723 644 995 
927 583 526 895 628 731 750 645 595 747 
966 991 788 586 957 528 809 566 916 775 
816 906 885 677 901 935 810 665 689 519 
695 637 744 975 746 616 781 701 848 572 
566 688 700 546 954 642 653 827 755 715 
652 617 954 628 547 554 853 676 953 684 
707 978 676 755 656 871 900 865 973 864 

732 579 697 831 509 909 831 919 570 691 
756 724 679 634 878 975 641 670 773 579 
970 744 828 615 784 893 882 615 572 849 
750 558 816 873 952 703 706 712 851 553 
916 967 972 688 545 941 632 532 779 566 
757 930 868 516 764 901 815 654 622 679 
782 700 777 791 912 830 771 609 618 783 
742 555 907 860 975 514 844 643 949 802 
830 566 732 892 877 937 836 715 988 517 
650 575 961 953 675 639 788 664 569 755 

584 952 978 543 776 955 940 938 545 983 
652 825 792 865 705 817 871 725 802 508 
842 979 757 552 700 800 736 969 932 585 
752 676 686 725 721 942 746 929 618 821 
902 618 612 651 994 614 842 964 755 898 
642 516 869 757 721 650 660 982 561 835 
783 751 900 665 782 775 940 785 677 654 
706 786 982 810 786 878 982 902 919 672 
953 605 855 647 789 825 554 792 994 695 
980 605 866 677 621 772 614 759 884 563 