7 7
71 39 89 54 56 92 34
91 19 13 73 46 81 27
66 95 96 18 14 48 24
78 48 19 68 63 46 94
52 9 91 28 75 60 7
11 37 30 2 98 38 33
52 83 88 45 37 52 77

202 428 421 140 32 208 68 
171 235 376 171 479 291 127 
250 358 189 206 300 182 337 
399 282 206 206 125 140 117 
382 320 193 355 119 230 429 
14 306 469 65 374 149 162 
404 42 369 231 150 491 150 

163 262 361 54 227 284 158 
499 337 474 418 204 15 205 
356 128 374 403 14 106 391 
117 178 431 140 295 359 24 
332 138 251 477 377 441 206 
150 145 398 124 35 208 220 
240 19 335 427 369 225 277 

291 357 438 1 145 334 472 
468 276 186 465 417 419 212 
75 202 114 235 325 221 447 
358 8 146 134 48 160 124 
81 459 288 135 422 192 13 
492 304 340 498 284 87 123 
371 326 418 467 423 229 460 

119 412 84 376 144 362 331 
144 425 442 274 374 428 301 
467 331 341 313 334 249 279 
27 383 261 392 91 85 190 
272 217 221 88 226 104 37 
109 28 426 18 89 36 28 
79 34 161 459 324 266 330 

197 423 60 394 418 450 224 
170 340 141 65 231 382 28 
268 337 347 281 68 31 102 
253 277 284 190 319 40 320 
137 34 30 101 4 16 387 
204 272 367 177 162 138 185 
404 212 84 214 101 188 111 

253 1 98 141 197 154 305 
129 45 18 434 10 409 404 
249 309 311 365 416 404 94 
464 93 217 125 150 491 33 
359 428 433 213 365 98 424 
95 490 423 11 3 190 277 
385 204 473 47 234 160 225 

123 68 78 277 67 151 244 
297 213 173 20 66 172 68 
118 178 373 419 255 337 133 
322 488 203 69 142 128 64 
123 404 156 87 242 410 139 
267 90 483 279 396 462 277 
151 436 403 338 35 220 9 