10 10
77 30 97 36 97 36 51 95 18 50
81 64 12 88 45 26 98 3 90 6
43 51 53 46 49 31 73 39 9 87
75 2 66 13 93 71 21 4 57 95
67 14 58 65 55 88 91 15 29 22
45 76 59 51 32 4 36 38 46 96
51 84 33 28 89 6 10 76 93 3
87 68 33 10 82 86 91 87 23 14
16 50 2 54 4 17 18 23 83 59
46 73 18 61 19 55 29 88 53 14

365 353 487 261 365 219 45 87 2 212 
456 272 438 175 65 403 274 498 201 67 
123 308 224 19 330 442 414 326 79 37 
177 45 448 218 10 436 238 454 145 422 
400 467 415 327 146 142 99 92 453 324 
183 159 263 328 104 346 258 281 142 217 
51 260 277 475 131 453 348 227 487 360 
280 129 403 390 313 441 46 175 487 375 
413 250 32 446 315 149 285 324 338 410 
198 51 461 172 459 4 113 140 196 67 

245 387 16 16 364 78 473 274 55 167 
98 437 233 120 54 355 478 111 442 170 
17 51 326 152 100 380 173 214 335 22 
393 410 286 9 362 112 375 493 55 121 
178 422 28 319 476 415 52 253 199 202 
289 421 464 24 45 290 403 375 88 397 
395 17 114 358 123 287 460 4 269 127 
30 441 291 387 28 239 228 445 176 474 
419 369 299 252 470 345 266 238 44 471 
265 10 251 315 165 12 96 150 275 321 

151 52 237 15 298 392 452 357 365 413 
79 281 110 6 387 326 52 469 295 356 
406 31 213 79 112 442 391 142 329 50 
50 178 357 60 493 204 204 319 43 131 
382 152 252 417 493 72 486 421 406 108 
21 171 482 226 379 429 310 303 447 441 
301 122 396 406 236 224 477 335 311 31 
267 242 315 6 483 103 482 136 208 476 
207 493 50 397 407 107 454 260 299 219 
313 98 251 163 67 349 246 80 4 407 

168 5 478 16 47 119 162 493 131 219 
119 142 473 399 370 491 447 418 64 139 
88 427 71 89 190 9 235 138 105 207 
487 330 110 409 371 285 376 222 57 56 
410 397 204 196 291 276 445 77 70 182 
489 115 471 473 71 96 263 68 18 296 
299 18 417 95 337 77 390 41 321 376 
185 17 449 116 354 275 318 406 82 331 
290 427 138 95 76 61 352 104 395 433 
101 153 422 484 290 221 59 291 82 83 

290 377 264 365 161 154 487 341 49 462 
306 446 243 89 167 4 464 486 208 124 
16 131 311 84 314 316 60 68 83 478 
28 32 389 477 30 432 119 499 169 183 
410 192 485 103 6 167 164 346 429 323 
392 201 288 326 232 222 186 179 410 272 
334 80 382 210 97 233 204 44 94 177 
297 292 249 1 271 214 376 459 23 272 
163 77 443 161 149 383 191 376 474 286 
459 88 434 27 279 188 457 400 8 4 

58 55 351 321 467 444 253 127 489 133 
495 168 224 322 193 474 325 103 444 333 
141 242 338 5 148 441 166 473 260 424 
335 262 151 244 474 363 363 149 176 97 
73 234 315 98 176 14 331 9 261 16 
476 352 264 254 34 445 386 161 443 397 
137 470 59 378 336 448 317 388 271 186 
135 344 157 63 156 401 147 454 443 440 
231 304 142 317 496 316 144 212 452 95 
423 498 164 178 152 202 455 256 373 76 

37 382 227 352 121 280 92 434 373 468 
37 379 412 260 177 324 489 355 300 36 
453 195 408 242 356 366 487 20 167 213 
497 257 213 62 431 438 247 423 40 403 
482 369 245 357 114 474 462 342 351 226 
407 477 303 203 31 153 425 139 147 454 
94 45 378 291 433 333 214 116 306 151 
49 186 45 202 61 132 12 7 59 253 
428 392 487 334 398 422 86 15 87 30 
188 247 286 28 342 320 225 303 34 196 

52 317 233 250 89 386 453 98 279 415 
10 58 463 347 427 273 138 265 136 304 
228 174 366 341 230 193 38 291 185 400 
4 116 385 316 180 434 141 446 64 364 
60 165 290 268 109 331 276 132 496 456 
380 449 263 74 75 411 431 144 210 167 
167 248 415 98 400 411 110 463 66 77 
391 1 191 127 359 227 71 499 156 327 
338 115 150 269 296 294 191 148 322 32 
459 391 138 104 284 390 211 95 121 385 

39 395 273 435 17 317 460 7 101 447 
29 107 55 413 454 247 142 431 130 436 
206 183 73 238 271 212 386 67 339 151 
336 230 75 428 142 63 34 51 460 149 
222 232 280 348 328 260 273 497 421 49 
458 385 493 273 91 105 221 94 367 264 
332 45 179 92 305 17 189 426 173 274 
445 121 16 336 315 327 106 430 252 454 
251 341 475 385 48 23 254 33 82 227 
104 119 429 383 179 107 435 447 306 347 

281 254 392 17 452 79 210 73 211 355 
460 51 466 273 326 167 319 145 391 215 
66 347 372 118 427 80 418 168 104 453 
383 279 283 200 109 435 381 175 159 151 
85 228 265 494 111 89 2 36 309 80 
413 121 176 225 446 246 294 206 11 126 
26 100 56 230 50 126 475 118 8 448 
397 239 470 454 432 226 59 37 399 346 
147 354 302 310 348 359 350 366 249 498 
284 235 192 428 251 378 329 183 334 372 