7 7
76 9 82 89 4 86 65
97 84 97 20 92 10 33
9 7 77 62 75 78 57
4 3 15 83 87 11 22
93 17 35 72 33 56 84
97 96 33 56 58 40 48
64 90 97 61 22 9 69

120 291 24 421 184 314 371 
200 54 223 286 86 361 491 
173 344 412 301 220 345 271 
496 485 238 285 26 268 353 
256 271 4 407 136 386 337 
106 11 375 243 34 165 96 
351 450 470 3 320 440 188 

234 297 282 354 435 325 491 
432 56 192 240 220 183 73 
272 209 50 273 471 422 74 
347 90 294 408 96 291 449 
347 43 68 363 14 220 107 
437 499 305 444 151 359 92 
152 141 435 215 372 473 121 

251 96 129 17 108 407 311 
136 422 278 318 111 79 160 
260 430 301 485 404 106 138 
363 122 191 265 474 350 251 
383 143 169 304 449 63 149 
409 156 214 335 42 123 217 
101 243 404 148 206 104 242 

425 397 216 159 105 473 120 
484 12 438 48 494 437 262 
335 89 39 285 311 423 322 
122 307 65 125 133 418 427 
5 76 44 448 224 447 34 
364 195 415 436 282 138 215 
132 93 399 351 74 334 115 

126 198 446 67 327 292 475 
222 295 228 58 342 479 125 
235 206 360 106 344 59 421 
252 357 30 390 42 7 208 
352 62 111 151 7 194 155 
160 271 353 254 484 107 234 
48 18 190 155 433 296 95 

66 56 305 76 123 268 321 
148 162 23 15 321 147 103 
48 471 28 34 294 134 62 
499 43 253 475 105 191 2 
410 248 494 233 111 451 63 
399 312 431 190 54 24 157 
215 268 434 74 444 22 481 

160 131 186 297 138 44 127 
152 179 382 197 151 310 70 
278 480 290 192 24 214 22 
361 42 69 330 461 494 452 
388 34 92 293 382 159 296 
383 73 365 129 351 355 306 
110 55 93 457 33 230 258 