5 5
46 66 30 29 89
52 64 38 82 56
18 70 79 29 92
52 69 80 59 14
95 22 54 4 37

992 675 834 848 854 
997 705 670 785 925 
887 825 698 703 724 
710 548 800 557 742 
655 867 749 671 628 

823 749 960 938 593 
762 747 606 726 542 
857 883 734 784 977 
789 708 505 609 992 
674 716 916 550 787 

880 959 567 810 923 
745 572 709 941 759 
784 666 655 663 626 
784 993 821 958 634 
690 776 862 960 813 

512 848 849 659 597 
887 706 912 861 801 
614 514 597 769 841 
881 854 637 686 700 
533 887 634 793 867 

551 718 712 810 528 
586 895 670 569 628 
726 877 859 620 653 
846 911 805 617 885 
854 783 530 842 920 