7 7
5 9 94 98 76 66 25
46 30 69 58 59 25 56
6 81 82 60 64 84 15
97 93 61 66 10 28 28
10 99 59 56 19 72 78
69 63 10 32 71 80 76
95 34 47 48 87 46 31

700 609 786 963 888 849 534 
611 959 873 846 678 893 555 
730 504 716 710 806 676 529 
623 589 614 540 739 817 716 
545 793 898 714 978 769 661 
760 693 911 781 776 834 550 
945 725 573 896 790 750 659 

742 755 776 784 599 892 583 
562 767 690 583 597 630 869 
638 895 993 672 643 734 676 
800 722 525 939 510 603 746 
963 659 854 982 880 746 578 
625 779 572 612 522 517 899 
740 548 619 551 890 702 992 

664 813 874 756 691 554 937 
711 520 512 842 598 952 586 
542 621 522 853 513 666 765 
830 510 858 933 933 834 685 
709 619 577 584 865 540 817 
547 811 795 967 903 843 835 
881 515 913 552 637 553 569 

534 750 673 534 885 845 873 
945 982 894 673 977 576 786 
851 693 576 710 875 729 877 
778 700 949 790 707 699 957 
580 619 560 878 777 705 968 
540 732 730 891 833 778 532 
516 845 861 620 785 993 767 

795 691 610 657 702 993 945 
785 665 769 727 745 676 975 
542 620 930 653 928 733 944 
809 614 744 759 822 977 556 
866 881 945 757 896 771 692 
779 921 664 991 684 990 878 
557 832 752 676 764 529 603 

682 740 957 663 945 819 786 
779 572 686 987 768 553 827 
639 802 589 732 629 921 683 
796 862 561 680 785 883 809 
591 961 654 537 592 831 837 
814 848 814 784 661 671 682 
550 733 802 824 962 510 567 

650 705 800 865 870 797 862 
748 910 914 639 635 507 593 
957 597 889 898 596 939 589 
910 765 719 519 939 649 950 
663 887 973 813 818 575 730 
679 853 672 849 728 854 721 
647 553 714 855 951 588 871 